#?RADIANCE
oconv -f /tmp/tmpdf0fwifs/env /tmp/tmpdf0fwifs/receiver
rcontrib -fo+ -ab 0 -fda -c 300000 -f klems_full.cal -p RHS=+1 -bn Nkbins -b kbin(0,1,0,0,0,-1) -m rflxglass_60 -y 1
SOFTWARE= RADIANCE 5.2.dd0f8e38a7 NREL 2018-10-09 (based on RADIANCE 5.2 Official Release by LBNL)
CAPDATE= 2021:06:08 17:53:28
GMT= 2021:06:08 17:53:28
NCOMP=3
NROWS=1
NCOLS=145
FORMAT=ascii

0.000000e+00	0.000000e+00	0.000000e+00	0.000000e+00	0.000000e+00	0.000000e+00	0.000000e+00	0.000000e+00	0.000000e+00	0.000000e+00	0.000000e+00	0.000000e+00	0.000000e+00	0.000000e+00	0.000000e+00	0.000000e+00	0.000000e+00	0.000000e+00	1.300000e-04	1.300000e-04	1.300000e-04	3.466667e-04	3.466667e-04	3.466667e-04	1.133333e-04	1.133333e-04	1.133333e-04	0.000000e+00	0.000000e+00	0.000000e+00	0.000000e+00	0.000000e+00	0.000000e+00	0.000000e+00	0.000000e+00	0.000000e+00	0.000000e+00	0.000000e+00	0.000000e+00	0.000000e+00	0.000000e+00	0.000000e+00	0.000000e+00	0.000000e+00	0.000000e+00	0.000000e+00	0.000000e+00	0.000000e+00	0.000000e+00	0.000000e+00	0.000000e+00	0.000000e+00	0.000000e+00	0.000000e+00	8.000000e-05	8.000000e-05	8.000000e-05	4.666667e-04	4.666667e-04	4.666667e-04	7.866667e-04	7.866667e-04	7.866667e-04	7.933333e-04	7.933333e-04	7.933333e-04	6.866667e-04	6.866667e-04	6.866667e-04	4.533333e-04	4.533333e-04	4.533333e-04	6.666667e-05	6.666667e-05	6.666667e-05	0.000000e+00	0.000000e+00	0.000000e+00	0.000000e+00	0.000000e+00	0.000000e+00	0.000000e+00	0.000000e+00	0.000000e+00	0.000000e+00	0.000000e+00	0.000000e+00	0.000000e+00	0.000000e+00	0.000000e+00	0.000000e+00	0.000000e+00	0.000000e+00	0.000000e+00	0.000000e+00	0.000000e+00	0.000000e+00	0.000000e+00	0.000000e+00	0.000000e+00	0.000000e+00	0.000000e+00	0.000000e+00	0.000000e+00	0.000000e+00	0.000000e+00	0.000000e+00	0.000000e+00	9.666667e-05	9.666667e-05	9.666667e-05	5.300000e-04	5.300000e-04	5.300000e-04	6.900000e-04	6.900000e-04	6.900000e-04	7.966667e-04	7.966667e-04	7.966667e-04	8.233333e-04	8.233333e-04	8.233333e-04	8.166667e-04	8.166667e-04	8.166667e-04	7.066667e-04	7.066667e-04	7.066667e-04	4.600000e-04	4.600000e-04	4.600000e-04	9.000000e-05	9.000000e-05	9.000000e-05	0.000000e+00	0.000000e+00	0.000000e+00	0.000000e+00	0.000000e+00	0.000000e+00	0.000000e+00	0.000000e+00	0.000000e+00	0.000000e+00	0.000000e+00	0.000000e+00	0.000000e+00	0.000000e+00	0.000000e+00	0.000000e+00	0.000000e+00	0.000000e+00	0.000000e+00	0.000000e+00	0.000000e+00	0.000000e+00	0.000000e+00	0.000000e+00	0.000000e+00	0.000000e+00	0.000000e+00	0.000000e+00	0.000000e+00	0.000000e+00	0.000000e+00	0.000000e+00	0.000000e+00	0.000000e+00	0.000000e+00	0.000000e+00	0.000000e+00	0.000000e+00	0.000000e+00	5.000000e-05	5.000000e-05	5.000000e-05	3.833333e-04	3.833333e-04	3.833333e-04	5.933333e-04	5.933333e-04	5.933333e-04	6.900000e-04	6.900000e-04	6.900000e-04	7.400000e-04	7.400000e-04	7.400000e-04	8.533333e-04	8.533333e-04	8.533333e-04	7.966667e-04	7.966667e-04	7.966667e-04	6.966667e-04	6.966667e-04	6.966667e-04	6.633333e-04	6.633333e-04	6.633333e-04	3.833333e-04	3.833333e-04	3.833333e-04	7.000000e-05	7.000000e-05	7.000000e-05	0.000000e+00	0.000000e+00	0.000000e+00	0.000000e+00	0.000000e+00	0.000000e+00	0.000000e+00	0.000000e+00	0.000000e+00	0.000000e+00	0.000000e+00	0.000000e+00	0.000000e+00	0.000000e+00	0.000000e+00	0.000000e+00	0.000000e+00	0.000000e+00	0.000000e+00	0.000000e+00	0.000000e+00	0.000000e+00	0.000000e+00	0.000000e+00	0.000000e+00	0.000000e+00	0.000000e+00	0.000000e+00	0.000000e+00	0.000000e+00	0.000000e+00	0.000000e+00	0.000000e+00	0.000000e+00	0.000000e+00	0.000000e+00	0.000000e+00	0.000000e+00	0.000000e+00	6.666667e-05	6.666667e-05	6.666667e-05	3.933333e-04	3.933333e-04	3.933333e-04	5.400000e-04	5.400000e-04	5.400000e-04	7.033333e-04	7.033333e-04	7.033333e-04	7.533333e-04	7.533333e-04	7.533333e-04	7.566667e-04	7.566667e-04	7.566667e-04	7.966667e-04	7.966667e-04	7.966667e-04	7.133333e-04	7.133333e-04	7.133333e-04	5.466667e-04	5.466667e-04	5.466667e-04	3.700000e-04	3.700000e-04	3.700000e-04	4.333333e-05	4.333333e-05	4.333333e-05	0.000000e+00	0.000000e+00	0.000000e+00	0.000000e+00	0.000000e+00	0.000000e+00	0.000000e+00	0.000000e+00	0.000000e+00	0.000000e+00	0.000000e+00	0.000000e+00	0.000000e+00	0.000000e+00	0.000000e+00	0.000000e+00	0.000000e+00	0.000000e+00	0.000000e+00	0.000000e+00	0.000000e+00	0.000000e+00	0.000000e+00	0.000000e+00	0.000000e+00	0.000000e+00	0.000000e+00	0.000000e+00	0.000000e+00	0.000000e+00	0.000000e+00	0.000000e+00	0.000000e+00	0.000000e+00	0.000000e+00	0.000000e+00	0.000000e+00	0.000000e+00	0.000000e+00	5.333333e-05	5.333333e-05	5.333333e-05	3.733333e-04	3.733333e-04	3.733333e-04	5.500000e-04	5.500000e-04	5.500000e-04	5.300000e-04	5.300000e-04	5.300000e-04	7.266667e-04	7.266667e-04	7.266667e-04	6.666667e-04	6.666667e-04	6.666667e-04	7.166667e-04	7.166667e-04	7.166667e-04	6.000000e-04	6.000000e-04	6.000000e-04	4.833333e-04	4.833333e-04	4.833333e-04	3.266667e-04	3.266667e-04	3.266667e-04	5.000000e-05	5.000000e-05	5.000000e-05	0.000000e+00	0.000000e+00	0.000000e+00	0.000000e+00	0.000000e+00	0.000000e+00	0.000000e+00	0.000000e+00	0.000000e+00	0.000000e+00	0.000000e+00	0.000000e+00	0.000000e+00	0.000000e+00	0.000000e+00	0.000000e+00	0.000000e+00	0.000000e+00	0.000000e+00	0.000000e+00	0.000000e+00	0.000000e+00	0.000000e+00	0.000000e+00	0.000000e+00	0.000000e+00	0.000000e+00	2.033333e-04	2.033333e-04	2.033333e-04	5.200000e-04	5.200000e-04	5.200000e-04	6.833333e-04	6.833333e-04	6.833333e-04	7.500000e-04	7.500000e-04	7.500000e-04	6.966667e-04	6.966667e-04	6.966667e-04	5.266667e-04	5.266667e-04	5.266667e-04	2.100000e-04	2.100000e-04	2.100000e-04	3.333333e-06	3.333333e-06	3.333333e-06	0.000000e+00	0.000000e+00	0.000000e+00	0.000000e+00	0.000000e+00	0.000000e+00	0.000000e+00	0.000000e+00	0.000000e+00	0.000000e+00	0.000000e+00	0.000000e+00	0.000000e+00	0.000000e+00	0.000000e+00	1.000000e-05	1.000000e-05	1.000000e-05	2.700000e-04	2.700000e-04	2.700000e-04	5.066667e-04	5.066667e-04	5.066667e-04	6.500000e-04	6.500000e-04	6.500000e-04	4.566667e-04	4.566667e-04	4.566667e-04	2.433333e-04	2.433333e-04	2.433333e-04	
