#?RADIANCE
oconv -f /tmp/tmp3lj3wnpg/env /tmp/tmp3lj3wnpg/receiver
rcontrib -fo+ -ab 0 -fda -c 300000 -f klems_full.cal -p RHS=+1 -bn Nkbins -b kbin(0,1,0,0,0,-1) -m rflxglass_60 -y 1
SOFTWARE= RADIANCE 5.2.dd0f8e38a7 NREL 2018-10-09 (based on RADIANCE 5.2 Official Release by LBNL)
CAPDATE= 2021:06:08 17:51:30
GMT= 2021:06:08 17:51:30
NCOMP=3
NROWS=1
NCOLS=145
FORMAT=ascii

0.000000e+00	0.000000e+00	0.000000e+00	0.000000e+00	0.000000e+00	0.000000e+00	0.000000e+00	0.000000e+00	0.000000e+00	0.000000e+00	0.000000e+00	0.000000e+00	0.000000e+00	0.000000e+00	0.000000e+00	0.000000e+00	0.000000e+00	0.000000e+00	0.000000e+00	0.000000e+00	0.000000e+00	0.000000e+00	0.000000e+00	0.000000e+00	0.000000e+00	0.000000e+00	0.000000e+00	0.000000e+00	0.000000e+00	0.000000e+00	0.000000e+00	0.000000e+00	0.000000e+00	0.000000e+00	0.000000e+00	0.000000e+00	0.000000e+00	0.000000e+00	0.000000e+00	0.000000e+00	0.000000e+00	0.000000e+00	0.000000e+00	0.000000e+00	0.000000e+00	0.000000e+00	0.000000e+00	0.000000e+00	0.000000e+00	0.000000e+00	0.000000e+00	0.000000e+00	0.000000e+00	0.000000e+00	0.000000e+00	0.000000e+00	0.000000e+00	7.666667e-05	7.666667e-05	7.666667e-05	3.833333e-04	3.833333e-04	3.833333e-04	5.800000e-04	5.800000e-04	5.800000e-04	3.566667e-04	3.566667e-04	3.566667e-04	7.666667e-05	7.666667e-05	7.666667e-05	0.000000e+00	0.000000e+00	0.000000e+00	0.000000e+00	0.000000e+00	0.000000e+00	0.000000e+00	0.000000e+00	0.000000e+00	0.000000e+00	0.000000e+00	0.000000e+00	0.000000e+00	0.000000e+00	0.000000e+00	0.000000e+00	0.000000e+00	0.000000e+00	0.000000e+00	0.000000e+00	0.000000e+00	0.000000e+00	0.000000e+00	0.000000e+00	0.000000e+00	0.000000e+00	0.000000e+00	0.000000e+00	0.000000e+00	0.000000e+00	0.000000e+00	0.000000e+00	0.000000e+00	0.000000e+00	0.000000e+00	0.000000e+00	0.000000e+00	0.000000e+00	0.000000e+00	2.066667e-04	2.066667e-04	2.066667e-04	5.200000e-04	5.200000e-04	5.200000e-04	6.866667e-04	6.866667e-04	6.866667e-04	8.600000e-04	8.600000e-04	8.600000e-04	7.533333e-04	7.533333e-04	7.533333e-04	5.966667e-04	5.966667e-04	5.966667e-04	2.000000e-04	2.000000e-04	2.000000e-04	0.000000e+00	0.000000e+00	0.000000e+00	0.000000e+00	0.000000e+00	0.000000e+00	0.000000e+00	0.000000e+00	0.000000e+00	0.000000e+00	0.000000e+00	0.000000e+00	0.000000e+00	0.000000e+00	0.000000e+00	0.000000e+00	0.000000e+00	0.000000e+00	0.000000e+00	0.000000e+00	0.000000e+00	0.000000e+00	0.000000e+00	0.000000e+00	0.000000e+00	0.000000e+00	0.000000e+00	0.000000e+00	0.000000e+00	0.000000e+00	0.000000e+00	0.000000e+00	0.000000e+00	0.000000e+00	0.000000e+00	0.000000e+00	0.000000e+00	0.000000e+00	0.000000e+00	0.000000e+00	0.000000e+00	0.000000e+00	0.000000e+00	0.000000e+00	0.000000e+00	1.033333e-04	1.033333e-04	1.033333e-04	4.366667e-04	4.366667e-04	4.366667e-04	5.633333e-04	5.633333e-04	5.633333e-04	7.066667e-04	7.066667e-04	7.066667e-04	7.400000e-04	7.400000e-04	7.400000e-04	6.800000e-04	6.800000e-04	6.800000e-04	5.433333e-04	5.433333e-04	5.433333e-04	3.866667e-04	3.866667e-04	3.866667e-04	1.100000e-04	1.100000e-04	1.100000e-04	0.000000e+00	0.000000e+00	0.000000e+00	0.000000e+00	0.000000e+00	0.000000e+00	0.000000e+00	0.000000e+00	0.000000e+00	0.000000e+00	0.000000e+00	0.000000e+00	0.000000e+00	0.000000e+00	0.000000e+00	0.000000e+00	0.000000e+00	0.000000e+00	0.000000e+00	0.000000e+00	0.000000e+00	0.000000e+00	0.000000e+00	0.000000e+00	0.000000e+00	0.000000e+00	0.000000e+00	0.000000e+00	0.000000e+00	0.000000e+00	0.000000e+00	0.000000e+00	0.000000e+00	0.000000e+00	0.000000e+00	0.000000e+00	0.000000e+00	0.000000e+00	0.000000e+00	0.000000e+00	0.000000e+00	0.000000e+00	0.000000e+00	0.000000e+00	0.000000e+00	1.100000e-04	1.100000e-04	1.100000e-04	4.333333e-04	4.333333e-04	4.333333e-04	5.666667e-04	5.666667e-04	5.666667e-04	7.133333e-04	7.133333e-04	7.133333e-04	8.200000e-04	8.200000e-04	8.200000e-04	7.000000e-04	7.000000e-04	7.000000e-04	6.300000e-04	6.300000e-04	6.300000e-04	4.333333e-04	4.333333e-04	4.333333e-04	1.500000e-04	1.500000e-04	1.500000e-04	0.000000e+00	0.000000e+00	0.000000e+00	0.000000e+00	0.000000e+00	0.000000e+00	0.000000e+00	0.000000e+00	0.000000e+00	0.000000e+00	0.000000e+00	0.000000e+00	0.000000e+00	0.000000e+00	0.000000e+00	0.000000e+00	0.000000e+00	0.000000e+00	0.000000e+00	0.000000e+00	0.000000e+00	0.000000e+00	0.000000e+00	0.000000e+00	0.000000e+00	0.000000e+00	0.000000e+00	0.000000e+00	0.000000e+00	0.000000e+00	0.000000e+00	0.000000e+00	0.000000e+00	0.000000e+00	0.000000e+00	0.000000e+00	0.000000e+00	0.000000e+00	0.000000e+00	0.000000e+00	0.000000e+00	0.000000e+00	0.000000e+00	0.000000e+00	0.000000e+00	9.666667e-05	9.666667e-05	9.666667e-05	3.100000e-04	3.100000e-04	3.100000e-04	5.466667e-04	5.466667e-04	5.466667e-04	6.100000e-04	6.100000e-04	6.100000e-04	6.833333e-04	6.833333e-04	6.833333e-04	6.366667e-04	6.366667e-04	6.366667e-04	4.966667e-04	4.966667e-04	4.966667e-04	3.300000e-04	3.300000e-04	3.300000e-04	1.300000e-04	1.300000e-04	1.300000e-04	0.000000e+00	0.000000e+00	0.000000e+00	0.000000e+00	0.000000e+00	0.000000e+00	0.000000e+00	0.000000e+00	0.000000e+00	0.000000e+00	0.000000e+00	0.000000e+00	0.000000e+00	0.000000e+00	0.000000e+00	0.000000e+00	0.000000e+00	0.000000e+00	0.000000e+00	0.000000e+00	0.000000e+00	0.000000e+00	0.000000e+00	0.000000e+00	0.000000e+00	0.000000e+00	0.000000e+00	0.000000e+00	0.000000e+00	0.000000e+00	4.666667e-05	4.666667e-05	4.666667e-05	3.300000e-04	3.300000e-04	3.300000e-04	6.700000e-04	6.700000e-04	6.700000e-04	8.166667e-04	8.166667e-04	8.166667e-04	6.333333e-04	6.333333e-04	6.333333e-04	4.233333e-04	4.233333e-04	4.233333e-04	4.333333e-05	4.333333e-05	4.333333e-05	0.000000e+00	0.000000e+00	0.000000e+00	0.000000e+00	0.000000e+00	0.000000e+00	0.000000e+00	0.000000e+00	0.000000e+00	0.000000e+00	0.000000e+00	0.000000e+00	0.000000e+00	0.000000e+00	0.000000e+00	0.000000e+00	0.000000e+00	0.000000e+00	0.000000e+00	0.000000e+00	0.000000e+00	1.100000e-04	1.100000e-04	1.100000e-04	4.800000e-04	4.800000e-04	4.800000e-04	6.833333e-04	6.833333e-04	6.833333e-04	4.933333e-04	4.933333e-04	4.933333e-04	1.066667e-04	1.066667e-04	1.066667e-04	
