#?RADIANCE
oconv -f /tmp/tmpgttgak_o/env /tmp/receiver7xt4h9z0
rcontrib -fo+ -ab 0 -fda -c 300000 -f klems_full.cal -p RHS=+1 -bn Nkbins -b kbin(0,1,0,0,0,1) -m rfluxsrfglass_80 -y 1
SOFTWARE= RADIANCE 5.2.dd0f8e38a7 NREL 2018-10-09 (based on RADIANCE 5.2 Official Release by LBNL)
CAPDATE= 2020:09:12 17:05:16
GMT= 2020:09:13 00:05:16
NCOMP=3
NROWS=1
NCOLS=145
FORMAT=ascii

1.333333e-05	1.333333e-05	1.333333e-05	1.966667e-04	1.966667e-04	1.966667e-04	4.666667e-05	4.666667e-05	4.666667e-05	0.000000e+00	0.000000e+00	0.000000e+00	0.000000e+00	0.000000e+00	0.000000e+00	0.000000e+00	0.000000e+00	0.000000e+00	0.000000e+00	0.000000e+00	0.000000e+00	6.666667e-06	6.666667e-06	6.666667e-06	1.600000e-04	1.600000e-04	1.600000e-04	4.400000e-04	4.400000e-04	4.400000e-04	1.900000e-04	1.900000e-04	1.900000e-04	6.333333e-05	6.333333e-05	6.333333e-05	3.333333e-06	3.333333e-06	3.333333e-06	0.000000e+00	0.000000e+00	0.000000e+00	0.000000e+00	0.000000e+00	0.000000e+00	0.000000e+00	0.000000e+00	0.000000e+00	0.000000e+00	0.000000e+00	0.000000e+00	0.000000e+00	0.000000e+00	0.000000e+00	0.000000e+00	0.000000e+00	0.000000e+00	0.000000e+00	0.000000e+00	0.000000e+00	0.000000e+00	0.000000e+00	0.000000e+00	6.666667e-06	6.666667e-06	6.666667e-06	1.300000e-04	1.300000e-04	1.300000e-04	3.400000e-04	3.400000e-04	3.400000e-04	4.400000e-04	4.400000e-04	4.400000e-04	7.233333e-04	7.233333e-04	7.233333e-04	2.833333e-04	2.833333e-04	2.833333e-04	1.200000e-04	1.200000e-04	1.200000e-04	2.666667e-05	2.666667e-05	2.666667e-05	0.000000e+00	0.000000e+00	0.000000e+00	0.000000e+00	0.000000e+00	0.000000e+00	0.000000e+00	0.000000e+00	0.000000e+00	0.000000e+00	0.000000e+00	0.000000e+00	0.000000e+00	0.000000e+00	0.000000e+00	0.000000e+00	0.000000e+00	0.000000e+00	0.000000e+00	0.000000e+00	0.000000e+00	0.000000e+00	0.000000e+00	0.000000e+00	0.000000e+00	0.000000e+00	0.000000e+00	0.000000e+00	0.000000e+00	0.000000e+00	0.000000e+00	0.000000e+00	0.000000e+00	6.666667e-06	6.666667e-06	6.666667e-06	2.066667e-04	2.066667e-04	2.066667e-04	4.566667e-04	4.566667e-04	4.566667e-04	6.466667e-04	6.466667e-04	6.466667e-04	7.800000e-04	7.800000e-04	7.800000e-04	8.166667e-04	8.166667e-04	8.166667e-04	3.366667e-04	3.366667e-04	3.366667e-04	1.200000e-04	1.200000e-04	1.200000e-04	5.333333e-05	5.333333e-05	5.333333e-05	3.333333e-06	3.333333e-06	3.333333e-06	0.000000e+00	0.000000e+00	0.000000e+00	0.000000e+00	0.000000e+00	0.000000e+00	0.000000e+00	0.000000e+00	0.000000e+00	0.000000e+00	0.000000e+00	0.000000e+00	0.000000e+00	0.000000e+00	0.000000e+00	0.000000e+00	0.000000e+00	0.000000e+00	0.000000e+00	0.000000e+00	0.000000e+00	0.000000e+00	0.000000e+00	0.000000e+00	0.000000e+00	0.000000e+00	0.000000e+00	0.000000e+00	0.000000e+00	0.000000e+00	0.000000e+00	0.000000e+00	0.000000e+00	0.000000e+00	0.000000e+00	0.000000e+00	0.000000e+00	0.000000e+00	0.000000e+00	1.666667e-05	1.666667e-05	1.666667e-05	1.500000e-04	1.500000e-04	1.500000e-04	3.466667e-04	3.466667e-04	3.466667e-04	6.866667e-04	6.866667e-04	6.866667e-04	9.300000e-04	9.300000e-04	9.300000e-04	8.533333e-04	8.533333e-04	8.533333e-04	8.000000e-04	8.000000e-04	8.000000e-04	3.433333e-04	3.433333e-04	3.433333e-04	1.366667e-04	1.366667e-04	1.366667e-04	4.333333e-05	4.333333e-05	4.333333e-05	2.333333e-05	2.333333e-05	2.333333e-05	0.000000e+00	0.000000e+00	0.000000e+00	0.000000e+00	0.000000e+00	0.000000e+00	0.000000e+00	0.000000e+00	0.000000e+00	0.000000e+00	0.000000e+00	0.000000e+00	0.000000e+00	0.000000e+00	0.000000e+00	0.000000e+00	0.000000e+00	0.000000e+00	0.000000e+00	0.000000e+00	0.000000e+00	0.000000e+00	0.000000e+00	0.000000e+00	0.000000e+00	0.000000e+00	0.000000e+00	0.000000e+00	0.000000e+00	0.000000e+00	0.000000e+00	0.000000e+00	0.000000e+00	0.000000e+00	0.000000e+00	0.000000e+00	0.000000e+00	0.000000e+00	0.000000e+00	1.000000e-05	1.000000e-05	1.000000e-05	1.600000e-04	1.600000e-04	1.600000e-04	4.333333e-04	4.333333e-04	4.333333e-04	7.433333e-04	7.433333e-04	7.433333e-04	8.866667e-04	8.866667e-04	8.866667e-04	9.000000e-04	9.000000e-04	9.000000e-04	6.666667e-04	6.666667e-04	6.666667e-04	2.700000e-04	2.700000e-04	2.700000e-04	1.400000e-04	1.400000e-04	1.400000e-04	6.000000e-05	6.000000e-05	6.000000e-05	1.000000e-05	1.000000e-05	1.000000e-05	0.000000e+00	0.000000e+00	0.000000e+00	0.000000e+00	0.000000e+00	0.000000e+00	0.000000e+00	0.000000e+00	0.000000e+00	0.000000e+00	0.000000e+00	0.000000e+00	0.000000e+00	0.000000e+00	0.000000e+00	0.000000e+00	0.000000e+00	0.000000e+00	0.000000e+00	0.000000e+00	0.000000e+00	0.000000e+00	0.000000e+00	0.000000e+00	0.000000e+00	0.000000e+00	0.000000e+00	0.000000e+00	0.000000e+00	0.000000e+00	0.000000e+00	0.000000e+00	0.000000e+00	0.000000e+00	0.000000e+00	0.000000e+00	0.000000e+00	0.000000e+00	0.000000e+00	3.333333e-06	3.333333e-06	3.333333e-06	1.433333e-04	1.433333e-04	1.433333e-04	3.733333e-04	3.733333e-04	3.733333e-04	6.433333e-04	6.433333e-04	6.433333e-04	7.400000e-04	7.400000e-04	7.400000e-04	7.966667e-04	7.966667e-04	7.966667e-04	7.733333e-04	7.733333e-04	7.733333e-04	1.766667e-04	1.766667e-04	1.766667e-04	6.666667e-05	6.666667e-05	6.666667e-05	3.333333e-06	3.333333e-06	3.333333e-06	0.000000e+00	0.000000e+00	0.000000e+00	0.000000e+00	0.000000e+00	0.000000e+00	0.000000e+00	0.000000e+00	0.000000e+00	0.000000e+00	0.000000e+00	0.000000e+00	0.000000e+00	0.000000e+00	0.000000e+00	0.000000e+00	0.000000e+00	0.000000e+00	0.000000e+00	0.000000e+00	0.000000e+00	0.000000e+00	0.000000e+00	0.000000e+00	2.000000e-05	2.000000e-05	2.000000e-05	2.933333e-04	2.933333e-04	2.933333e-04	7.133333e-04	7.133333e-04	7.133333e-04	9.333333e-04	9.333333e-04	9.333333e-04	5.833333e-04	5.833333e-04	5.833333e-04	1.133333e-04	1.133333e-04	1.133333e-04	2.000000e-05	2.000000e-05	2.000000e-05	0.000000e+00	0.000000e+00	0.000000e+00	0.000000e+00	0.000000e+00	0.000000e+00	0.000000e+00	0.000000e+00	0.000000e+00	0.000000e+00	0.000000e+00	0.000000e+00	0.000000e+00	0.000000e+00	0.000000e+00	0.000000e+00	0.000000e+00	0.000000e+00	1.666667e-05	1.666667e-05	1.666667e-05	3.400000e-04	3.400000e-04	3.400000e-04	6.633333e-04	6.633333e-04	6.633333e-04	
