#?RADIANCE
oconv -f /tmp/tmp6ya938qz/env /tmp/receiver833tr2js
rcontrib -fo+ -ab 0 -fda -c 300000 -f klems_full.cal -p RHS=+1 -bn Nkbins -b kbin(0,1,0,0,0,1) -m rfluxsrfglass_80 -y 1
SOFTWARE= RADIANCE 5.2.dd0f8e38a7 NREL 2018-10-09 (based on RADIANCE 5.2 Official Release by LBNL)
CAPDATE= 2020:09:12 16:16:33
GMT= 2020:09:12 23:16:33
NCOMP=3
NROWS=1
NCOLS=145
FORMAT=ascii

3.333333e-06	3.333333e-06	3.333333e-06	0.000000e+00	0.000000e+00	0.000000e+00	0.000000e+00	0.000000e+00	0.000000e+00	0.000000e+00	0.000000e+00	0.000000e+00	9.666667e-05	9.666667e-05	9.666667e-05	1.500000e-04	1.500000e-04	1.500000e-04	8.000000e-05	8.000000e-05	8.000000e-05	3.333333e-06	3.333333e-06	3.333333e-06	0.000000e+00	0.000000e+00	0.000000e+00	0.000000e+00	0.000000e+00	0.000000e+00	0.000000e+00	0.000000e+00	0.000000e+00	0.000000e+00	0.000000e+00	0.000000e+00	0.000000e+00	0.000000e+00	0.000000e+00	0.000000e+00	0.000000e+00	0.000000e+00	5.000000e-05	5.000000e-05	5.000000e-05	1.400000e-04	1.400000e-04	1.400000e-04	2.633333e-04	2.633333e-04	2.633333e-04	2.733333e-04	2.733333e-04	2.733333e-04	2.700000e-04	2.700000e-04	2.700000e-04	1.866667e-04	1.866667e-04	1.866667e-04	6.000000e-05	6.000000e-05	6.000000e-05	0.000000e+00	0.000000e+00	0.000000e+00	0.000000e+00	0.000000e+00	0.000000e+00	0.000000e+00	0.000000e+00	0.000000e+00	0.000000e+00	0.000000e+00	0.000000e+00	0.000000e+00	0.000000e+00	0.000000e+00	0.000000e+00	0.000000e+00	0.000000e+00	0.000000e+00	0.000000e+00	0.000000e+00	0.000000e+00	0.000000e+00	0.000000e+00	0.000000e+00	0.000000e+00	0.000000e+00	0.000000e+00	0.000000e+00	0.000000e+00	4.000000e-05	4.000000e-05	4.000000e-05	6.666667e-05	6.666667e-05	6.666667e-05	1.600000e-04	1.600000e-04	1.600000e-04	4.833333e-04	4.833333e-04	4.833333e-04	4.800000e-04	4.800000e-04	4.800000e-04	4.300000e-04	4.300000e-04	4.300000e-04	3.833333e-04	3.833333e-04	3.833333e-04	2.766667e-04	2.766667e-04	2.766667e-04	1.033333e-04	1.033333e-04	1.033333e-04	3.333333e-06	3.333333e-06	3.333333e-06	0.000000e+00	0.000000e+00	0.000000e+00	0.000000e+00	0.000000e+00	0.000000e+00	0.000000e+00	0.000000e+00	0.000000e+00	0.000000e+00	0.000000e+00	0.000000e+00	0.000000e+00	0.000000e+00	0.000000e+00	0.000000e+00	0.000000e+00	0.000000e+00	0.000000e+00	0.000000e+00	0.000000e+00	0.000000e+00	0.000000e+00	0.000000e+00	0.000000e+00	0.000000e+00	0.000000e+00	0.000000e+00	0.000000e+00	0.000000e+00	0.000000e+00	0.000000e+00	0.000000e+00	1.666667e-05	1.666667e-05	1.666667e-05	6.000000e-05	6.000000e-05	6.000000e-05	1.500000e-04	1.500000e-04	1.500000e-04	2.666667e-04	2.666667e-04	2.666667e-04	4.800000e-04	4.800000e-04	4.800000e-04	5.333333e-04	5.333333e-04	5.333333e-04	5.366667e-04	5.366667e-04	5.366667e-04	5.133333e-04	5.133333e-04	5.133333e-04	3.033333e-04	3.033333e-04	3.033333e-04	1.833333e-04	1.833333e-04	1.833333e-04	6.333333e-05	6.333333e-05	6.333333e-05	0.000000e+00	0.000000e+00	0.000000e+00	0.000000e+00	0.000000e+00	0.000000e+00	0.000000e+00	0.000000e+00	0.000000e+00	0.000000e+00	0.000000e+00	0.000000e+00	0.000000e+00	0.000000e+00	0.000000e+00	0.000000e+00	0.000000e+00	0.000000e+00	0.000000e+00	0.000000e+00	0.000000e+00	0.000000e+00	0.000000e+00	0.000000e+00	0.000000e+00	0.000000e+00	0.000000e+00	0.000000e+00	0.000000e+00	0.000000e+00	0.000000e+00	0.000000e+00	0.000000e+00	0.000000e+00	0.000000e+00	0.000000e+00	0.000000e+00	0.000000e+00	0.000000e+00	6.666667e-06	6.666667e-06	6.666667e-06	5.333333e-05	5.333333e-05	5.333333e-05	1.266667e-04	1.266667e-04	1.266667e-04	2.300000e-04	2.300000e-04	2.300000e-04	5.366667e-04	5.366667e-04	5.366667e-04	5.400000e-04	5.400000e-04	5.400000e-04	5.233333e-04	5.233333e-04	5.233333e-04	4.433333e-04	4.433333e-04	4.433333e-04	3.033333e-04	3.033333e-04	3.033333e-04	1.833333e-04	1.833333e-04	1.833333e-04	5.333333e-05	5.333333e-05	5.333333e-05	0.000000e+00	0.000000e+00	0.000000e+00	0.000000e+00	0.000000e+00	0.000000e+00	0.000000e+00	0.000000e+00	0.000000e+00	0.000000e+00	0.000000e+00	0.000000e+00	0.000000e+00	0.000000e+00	0.000000e+00	0.000000e+00	0.000000e+00	0.000000e+00	0.000000e+00	0.000000e+00	0.000000e+00	0.000000e+00	0.000000e+00	0.000000e+00	0.000000e+00	0.000000e+00	0.000000e+00	0.000000e+00	0.000000e+00	0.000000e+00	0.000000e+00	0.000000e+00	0.000000e+00	0.000000e+00	0.000000e+00	0.000000e+00	0.000000e+00	0.000000e+00	0.000000e+00	1.666667e-05	1.666667e-05	1.666667e-05	6.333333e-05	6.333333e-05	6.333333e-05	1.133333e-04	1.133333e-04	1.133333e-04	2.266667e-04	2.266667e-04	2.266667e-04	4.266667e-04	4.266667e-04	4.266667e-04	4.400000e-04	4.400000e-04	4.400000e-04	4.933333e-04	4.933333e-04	4.933333e-04	4.933333e-04	4.933333e-04	4.933333e-04	2.733333e-04	2.733333e-04	2.733333e-04	1.700000e-04	1.700000e-04	1.700000e-04	2.666667e-05	2.666667e-05	2.666667e-05	0.000000e+00	0.000000e+00	0.000000e+00	0.000000e+00	0.000000e+00	0.000000e+00	0.000000e+00	0.000000e+00	0.000000e+00	0.000000e+00	0.000000e+00	0.000000e+00	0.000000e+00	0.000000e+00	0.000000e+00	0.000000e+00	0.000000e+00	0.000000e+00	0.000000e+00	0.000000e+00	0.000000e+00	0.000000e+00	0.000000e+00	0.000000e+00	0.000000e+00	0.000000e+00	0.000000e+00	0.000000e+00	0.000000e+00	0.000000e+00	0.000000e+00	0.000000e+00	0.000000e+00	3.000000e-05	3.000000e-05	3.000000e-05	1.433333e-04	1.433333e-04	1.433333e-04	4.533333e-04	4.533333e-04	4.533333e-04	5.166667e-04	5.166667e-04	5.166667e-04	5.333333e-04	5.333333e-04	5.333333e-04	3.300000e-04	3.300000e-04	3.300000e-04	1.100000e-04	1.100000e-04	1.100000e-04	6.666667e-06	6.666667e-06	6.666667e-06	0.000000e+00	0.000000e+00	0.000000e+00	0.000000e+00	0.000000e+00	0.000000e+00	0.000000e+00	0.000000e+00	0.000000e+00	0.000000e+00	0.000000e+00	0.000000e+00	0.000000e+00	0.000000e+00	0.000000e+00	0.000000e+00	0.000000e+00	0.000000e+00	0.000000e+00	0.000000e+00	0.000000e+00	5.333333e-05	5.333333e-05	5.333333e-05	2.066667e-04	2.066667e-04	2.066667e-04	3.333333e-04	3.333333e-04	3.333333e-04	3.466667e-04	3.466667e-04	3.466667e-04	1.366667e-04	1.366667e-04	1.366667e-04	1.333333e-05	1.333333e-05	1.333333e-05	0.000000e+00	0.000000e+00	0.000000e+00	0.000000e+00	0.000000e+00	0.000000e+00	
