#?RADIANCE
oconv -f /tmp/tmpvwt05x2d/env /tmp/tmpvwt05x2d/receiver
rcontrib -fo+ -ab 0 -fda -c 300000 -f klems_full.cal -p RHS=+1 -bn Nkbins -b kbin(0,1,0,0,0,-1) -m rflxglass_60 -y 1
SOFTWARE= RADIANCE 5.2.dd0f8e38a7 NREL 2018-10-09 (based on RADIANCE 5.2 Official Release by LBNL)
CAPDATE= 2021:06:08 17:44:43
GMT= 2021:06:08 17:44:43
NCOMP=3
NROWS=1
NCOLS=145
FORMAT=ascii

0.000000e+00	0.000000e+00	0.000000e+00	0.000000e+00	0.000000e+00	0.000000e+00	0.000000e+00	0.000000e+00	0.000000e+00	0.000000e+00	0.000000e+00	0.000000e+00	0.000000e+00	0.000000e+00	0.000000e+00	0.000000e+00	0.000000e+00	0.000000e+00	6.333333e-05	6.333333e-05	6.333333e-05	1.966667e-04	1.966667e-04	1.966667e-04	3.333333e-05	3.333333e-05	3.333333e-05	0.000000e+00	0.000000e+00	0.000000e+00	0.000000e+00	0.000000e+00	0.000000e+00	0.000000e+00	0.000000e+00	0.000000e+00	0.000000e+00	0.000000e+00	0.000000e+00	0.000000e+00	0.000000e+00	0.000000e+00	0.000000e+00	0.000000e+00	0.000000e+00	0.000000e+00	0.000000e+00	0.000000e+00	0.000000e+00	0.000000e+00	0.000000e+00	0.000000e+00	0.000000e+00	0.000000e+00	3.666667e-05	3.666667e-05	3.666667e-05	2.466667e-04	2.466667e-04	2.466667e-04	4.700000e-04	4.700000e-04	4.700000e-04	4.833333e-04	4.833333e-04	4.833333e-04	4.166667e-04	4.166667e-04	4.166667e-04	2.933333e-04	2.933333e-04	2.933333e-04	3.666667e-05	3.666667e-05	3.666667e-05	0.000000e+00	0.000000e+00	0.000000e+00	0.000000e+00	0.000000e+00	0.000000e+00	0.000000e+00	0.000000e+00	0.000000e+00	0.000000e+00	0.000000e+00	0.000000e+00	0.000000e+00	0.000000e+00	0.000000e+00	0.000000e+00	0.000000e+00	0.000000e+00	0.000000e+00	0.000000e+00	0.000000e+00	0.000000e+00	0.000000e+00	0.000000e+00	0.000000e+00	0.000000e+00	0.000000e+00	0.000000e+00	0.000000e+00	0.000000e+00	0.000000e+00	0.000000e+00	0.000000e+00	4.666667e-05	4.666667e-05	4.666667e-05	3.200000e-04	3.200000e-04	3.200000e-04	3.966667e-04	3.966667e-04	3.966667e-04	4.600000e-04	4.600000e-04	4.600000e-04	4.633333e-04	4.633333e-04	4.633333e-04	4.833333e-04	4.833333e-04	4.833333e-04	3.966667e-04	3.966667e-04	3.966667e-04	2.666667e-04	2.666667e-04	2.666667e-04	4.333333e-05	4.333333e-05	4.333333e-05	0.000000e+00	0.000000e+00	0.000000e+00	0.000000e+00	0.000000e+00	0.000000e+00	0.000000e+00	0.000000e+00	0.000000e+00	0.000000e+00	0.000000e+00	0.000000e+00	0.000000e+00	0.000000e+00	0.000000e+00	0.000000e+00	0.000000e+00	0.000000e+00	0.000000e+00	0.000000e+00	0.000000e+00	0.000000e+00	0.000000e+00	0.000000e+00	0.000000e+00	0.000000e+00	0.000000e+00	0.000000e+00	0.000000e+00	0.000000e+00	0.000000e+00	0.000000e+00	0.000000e+00	0.000000e+00	0.000000e+00	0.000000e+00	0.000000e+00	0.000000e+00	0.000000e+00	3.000000e-05	3.000000e-05	3.000000e-05	2.300000e-04	2.300000e-04	2.300000e-04	3.600000e-04	3.600000e-04	3.600000e-04	4.100000e-04	4.100000e-04	4.100000e-04	4.433333e-04	4.433333e-04	4.433333e-04	5.200000e-04	5.200000e-04	5.200000e-04	4.600000e-04	4.600000e-04	4.600000e-04	4.500000e-04	4.500000e-04	4.500000e-04	4.400000e-04	4.400000e-04	4.400000e-04	2.366667e-04	2.366667e-04	2.366667e-04	3.666667e-05	3.666667e-05	3.666667e-05	0.000000e+00	0.000000e+00	0.000000e+00	0.000000e+00	0.000000e+00	0.000000e+00	0.000000e+00	0.000000e+00	0.000000e+00	0.000000e+00	0.000000e+00	0.000000e+00	0.000000e+00	0.000000e+00	0.000000e+00	0.000000e+00	0.000000e+00	0.000000e+00	0.000000e+00	0.000000e+00	0.000000e+00	0.000000e+00	0.000000e+00	0.000000e+00	0.000000e+00	0.000000e+00	0.000000e+00	0.000000e+00	0.000000e+00	0.000000e+00	0.000000e+00	0.000000e+00	0.000000e+00	0.000000e+00	0.000000e+00	0.000000e+00	0.000000e+00	0.000000e+00	0.000000e+00	2.333333e-05	2.333333e-05	2.333333e-05	2.366667e-04	2.366667e-04	2.366667e-04	3.300000e-04	3.300000e-04	3.300000e-04	4.366667e-04	4.366667e-04	4.366667e-04	4.933333e-04	4.933333e-04	4.933333e-04	5.066667e-04	5.066667e-04	5.066667e-04	4.833333e-04	4.833333e-04	4.833333e-04	4.266667e-04	4.266667e-04	4.266667e-04	3.566667e-04	3.566667e-04	3.566667e-04	2.433333e-04	2.433333e-04	2.433333e-04	2.666667e-05	2.666667e-05	2.666667e-05	0.000000e+00	0.000000e+00	0.000000e+00	0.000000e+00	0.000000e+00	0.000000e+00	0.000000e+00	0.000000e+00	0.000000e+00	0.000000e+00	0.000000e+00	0.000000e+00	0.000000e+00	0.000000e+00	0.000000e+00	0.000000e+00	0.000000e+00	0.000000e+00	0.000000e+00	0.000000e+00	0.000000e+00	0.000000e+00	0.000000e+00	0.000000e+00	0.000000e+00	0.000000e+00	0.000000e+00	0.000000e+00	0.000000e+00	0.000000e+00	0.000000e+00	0.000000e+00	0.000000e+00	0.000000e+00	0.000000e+00	0.000000e+00	0.000000e+00	0.000000e+00	0.000000e+00	3.000000e-05	3.000000e-05	3.000000e-05	2.300000e-04	2.300000e-04	2.300000e-04	3.300000e-04	3.300000e-04	3.300000e-04	3.233333e-04	3.233333e-04	3.233333e-04	4.666667e-04	4.666667e-04	4.666667e-04	4.100000e-04	4.100000e-04	4.100000e-04	4.100000e-04	4.100000e-04	4.100000e-04	3.700000e-04	3.700000e-04	3.700000e-04	2.800000e-04	2.800000e-04	2.800000e-04	2.100000e-04	2.100000e-04	2.100000e-04	3.000000e-05	3.000000e-05	3.000000e-05	0.000000e+00	0.000000e+00	0.000000e+00	0.000000e+00	0.000000e+00	0.000000e+00	0.000000e+00	0.000000e+00	0.000000e+00	0.000000e+00	0.000000e+00	0.000000e+00	0.000000e+00	0.000000e+00	0.000000e+00	0.000000e+00	0.000000e+00	0.000000e+00	0.000000e+00	0.000000e+00	0.000000e+00	0.000000e+00	0.000000e+00	0.000000e+00	0.000000e+00	0.000000e+00	0.000000e+00	1.233333e-04	1.233333e-04	1.233333e-04	3.200000e-04	3.200000e-04	3.200000e-04	3.800000e-04	3.800000e-04	3.800000e-04	4.433333e-04	4.433333e-04	4.433333e-04	3.900000e-04	3.900000e-04	3.900000e-04	3.066667e-04	3.066667e-04	3.066667e-04	1.200000e-04	1.200000e-04	1.200000e-04	0.000000e+00	0.000000e+00	0.000000e+00	0.000000e+00	0.000000e+00	0.000000e+00	0.000000e+00	0.000000e+00	0.000000e+00	0.000000e+00	0.000000e+00	0.000000e+00	0.000000e+00	0.000000e+00	0.000000e+00	0.000000e+00	0.000000e+00	0.000000e+00	0.000000e+00	0.000000e+00	0.000000e+00	1.666667e-04	1.666667e-04	1.666667e-04	2.966667e-04	2.966667e-04	2.966667e-04	3.900000e-04	3.900000e-04	3.900000e-04	2.533333e-04	2.533333e-04	2.533333e-04	1.400000e-04	1.400000e-04	1.400000e-04	
