#?RADIANCE
oconv -f /tmp/tmp639_bz1a/env /tmp/receivertxvdk_xv
rcontrib -fo+ -ab 0 -fda -c 300000 -f klems_full.cal -p RHS=+1 -bn Nkbins -b kbin(0,1,0,0,0,1) -m rfluxsrfglass_80 -y 1
SOFTWARE= RADIANCE 5.2.dd0f8e38a7 NREL 2018-10-09 (based on RADIANCE 5.2 Official Release by LBNL)
CAPDATE= 2020:09:12 16:16:33
GMT= 2020:09:12 23:16:33
NCOMP=3
NROWS=1
NCOLS=145
FORMAT=ascii

3.333333e-06	3.333333e-06	3.333333e-06	1.266667e-04	1.266667e-04	1.266667e-04	8.000000e-05	8.000000e-05	8.000000e-05	0.000000e+00	0.000000e+00	0.000000e+00	0.000000e+00	0.000000e+00	0.000000e+00	0.000000e+00	0.000000e+00	0.000000e+00	0.000000e+00	0.000000e+00	0.000000e+00	3.333333e-06	3.333333e-06	3.333333e-06	8.000000e-05	8.000000e-05	8.000000e-05	3.100000e-04	3.100000e-04	3.100000e-04	2.633333e-04	2.633333e-04	2.633333e-04	1.233333e-04	1.233333e-04	1.233333e-04	4.666667e-05	4.666667e-05	4.666667e-05	0.000000e+00	0.000000e+00	0.000000e+00	0.000000e+00	0.000000e+00	0.000000e+00	0.000000e+00	0.000000e+00	0.000000e+00	0.000000e+00	0.000000e+00	0.000000e+00	0.000000e+00	0.000000e+00	0.000000e+00	0.000000e+00	0.000000e+00	0.000000e+00	0.000000e+00	0.000000e+00	0.000000e+00	0.000000e+00	0.000000e+00	0.000000e+00	0.000000e+00	0.000000e+00	0.000000e+00	7.333333e-05	7.333333e-05	7.333333e-05	2.133333e-04	2.133333e-04	2.133333e-04	2.966667e-04	2.966667e-04	2.966667e-04	5.000000e-04	5.000000e-04	5.000000e-04	4.033333e-04	4.033333e-04	4.033333e-04	2.166667e-04	2.166667e-04	2.166667e-04	1.166667e-04	1.166667e-04	1.166667e-04	3.000000e-05	3.000000e-05	3.000000e-05	0.000000e+00	0.000000e+00	0.000000e+00	0.000000e+00	0.000000e+00	0.000000e+00	0.000000e+00	0.000000e+00	0.000000e+00	0.000000e+00	0.000000e+00	0.000000e+00	0.000000e+00	0.000000e+00	0.000000e+00	0.000000e+00	0.000000e+00	0.000000e+00	0.000000e+00	0.000000e+00	0.000000e+00	0.000000e+00	0.000000e+00	0.000000e+00	0.000000e+00	0.000000e+00	0.000000e+00	0.000000e+00	0.000000e+00	0.000000e+00	0.000000e+00	0.000000e+00	0.000000e+00	5.666667e-05	5.666667e-05	5.666667e-05	2.433333e-04	2.433333e-04	2.433333e-04	4.266667e-04	4.266667e-04	4.266667e-04	4.466667e-04	4.466667e-04	4.466667e-04	5.100000e-04	5.100000e-04	5.100000e-04	4.866667e-04	4.866667e-04	4.866667e-04	2.700000e-04	2.700000e-04	2.700000e-04	1.700000e-04	1.700000e-04	1.700000e-04	6.333333e-05	6.333333e-05	6.333333e-05	6.666667e-06	6.666667e-06	6.666667e-06	0.000000e+00	0.000000e+00	0.000000e+00	0.000000e+00	0.000000e+00	0.000000e+00	0.000000e+00	0.000000e+00	0.000000e+00	0.000000e+00	0.000000e+00	0.000000e+00	0.000000e+00	0.000000e+00	0.000000e+00	0.000000e+00	0.000000e+00	0.000000e+00	0.000000e+00	0.000000e+00	0.000000e+00	0.000000e+00	0.000000e+00	0.000000e+00	0.000000e+00	0.000000e+00	0.000000e+00	0.000000e+00	0.000000e+00	0.000000e+00	0.000000e+00	0.000000e+00	0.000000e+00	0.000000e+00	0.000000e+00	0.000000e+00	0.000000e+00	0.000000e+00	0.000000e+00	6.666667e-05	6.666667e-05	6.666667e-05	2.133333e-04	2.133333e-04	2.133333e-04	3.400000e-04	3.400000e-04	3.400000e-04	4.900000e-04	4.900000e-04	4.900000e-04	5.066667e-04	5.066667e-04	5.066667e-04	4.833333e-04	4.833333e-04	4.833333e-04	4.933333e-04	4.933333e-04	4.933333e-04	2.733333e-04	2.733333e-04	2.733333e-04	1.533333e-04	1.533333e-04	1.533333e-04	7.666667e-05	7.666667e-05	7.666667e-05	2.000000e-05	2.000000e-05	2.000000e-05	0.000000e+00	0.000000e+00	0.000000e+00	0.000000e+00	0.000000e+00	0.000000e+00	0.000000e+00	0.000000e+00	0.000000e+00	0.000000e+00	0.000000e+00	0.000000e+00	0.000000e+00	0.000000e+00	0.000000e+00	0.000000e+00	0.000000e+00	0.000000e+00	0.000000e+00	0.000000e+00	0.000000e+00	0.000000e+00	0.000000e+00	0.000000e+00	0.000000e+00	0.000000e+00	0.000000e+00	0.000000e+00	0.000000e+00	0.000000e+00	0.000000e+00	0.000000e+00	0.000000e+00	0.000000e+00	0.000000e+00	0.000000e+00	0.000000e+00	0.000000e+00	0.000000e+00	7.666667e-05	7.666667e-05	7.666667e-05	1.333333e-04	1.333333e-04	1.333333e-04	3.833333e-04	3.833333e-04	3.833333e-04	5.633333e-04	5.633333e-04	5.633333e-04	5.300000e-04	5.300000e-04	5.300000e-04	4.866667e-04	4.866667e-04	4.866667e-04	4.033333e-04	4.033333e-04	4.033333e-04	2.300000e-04	2.300000e-04	2.300000e-04	1.200000e-04	1.200000e-04	1.200000e-04	4.333333e-05	4.333333e-05	4.333333e-05	1.333333e-05	1.333333e-05	1.333333e-05	0.000000e+00	0.000000e+00	0.000000e+00	0.000000e+00	0.000000e+00	0.000000e+00	0.000000e+00	0.000000e+00	0.000000e+00	0.000000e+00	0.000000e+00	0.000000e+00	0.000000e+00	0.000000e+00	0.000000e+00	0.000000e+00	0.000000e+00	0.000000e+00	0.000000e+00	0.000000e+00	0.000000e+00	0.000000e+00	0.000000e+00	0.000000e+00	0.000000e+00	0.000000e+00	0.000000e+00	0.000000e+00	0.000000e+00	0.000000e+00	0.000000e+00	0.000000e+00	0.000000e+00	0.000000e+00	0.000000e+00	0.000000e+00	0.000000e+00	0.000000e+00	0.000000e+00	5.666667e-05	5.666667e-05	5.666667e-05	1.866667e-04	1.866667e-04	1.866667e-04	3.133333e-04	3.133333e-04	3.133333e-04	4.733333e-04	4.733333e-04	4.733333e-04	4.866667e-04	4.866667e-04	4.866667e-04	5.200000e-04	5.200000e-04	5.200000e-04	3.800000e-04	3.800000e-04	3.800000e-04	1.166667e-04	1.166667e-04	1.166667e-04	3.666667e-05	3.666667e-05	3.666667e-05	0.000000e+00	0.000000e+00	0.000000e+00	0.000000e+00	0.000000e+00	0.000000e+00	0.000000e+00	0.000000e+00	0.000000e+00	0.000000e+00	0.000000e+00	0.000000e+00	0.000000e+00	0.000000e+00	0.000000e+00	0.000000e+00	0.000000e+00	0.000000e+00	0.000000e+00	0.000000e+00	0.000000e+00	0.000000e+00	0.000000e+00	0.000000e+00	1.000000e-05	1.000000e-05	1.000000e-05	1.233333e-04	1.233333e-04	1.233333e-04	3.566667e-04	3.566667e-04	3.566667e-04	3.966667e-04	3.966667e-04	3.966667e-04	4.000000e-04	4.000000e-04	4.000000e-04	2.000000e-04	2.000000e-04	2.000000e-04	8.000000e-05	8.000000e-05	8.000000e-05	3.333333e-06	3.333333e-06	3.333333e-06	0.000000e+00	0.000000e+00	0.000000e+00	0.000000e+00	0.000000e+00	0.000000e+00	0.000000e+00	0.000000e+00	0.000000e+00	0.000000e+00	0.000000e+00	0.000000e+00	0.000000e+00	0.000000e+00	0.000000e+00	6.666667e-06	6.666667e-06	6.666667e-06	1.566667e-04	1.566667e-04	1.566667e-04	4.100000e-04	4.100000e-04	4.100000e-04	
