#?RADIANCE
oconv -f /tmp/tmpqu8uwqt6/env /tmp/tmpqu8uwqt6/receiver
rcontrib -fo+ -ab 0 -fda -c 300000 -f klems_full.cal -p RHS=+1 -bn Nkbins -b kbin(0,1,0,0,0,-1) -m rflxglass_60 -y 1
SOFTWARE= RADIANCE 5.2.dd0f8e38a7 NREL 2018-10-09 (based on RADIANCE 5.2 Official Release by LBNL)
CAPDATE= 2021:06:08 17:47:54
GMT= 2021:06:08 17:47:54
NCOMP=3
NROWS=1
NCOLS=145
FORMAT=ascii

1.000000e-04	1.000000e-04	1.000000e-04	9.333333e-05	9.333333e-05	9.333333e-05	0.000000e+00	0.000000e+00	0.000000e+00	0.000000e+00	0.000000e+00	0.000000e+00	0.000000e+00	0.000000e+00	0.000000e+00	9.000000e-05	9.000000e-05	9.000000e-05	6.300000e-04	6.300000e-04	6.300000e-04	8.000000e-04	8.000000e-04	8.000000e-04	7.133333e-04	7.133333e-04	7.133333e-04	9.333333e-05	9.333333e-05	9.333333e-05	0.000000e+00	0.000000e+00	0.000000e+00	0.000000e+00	0.000000e+00	0.000000e+00	0.000000e+00	0.000000e+00	0.000000e+00	0.000000e+00	0.000000e+00	0.000000e+00	0.000000e+00	0.000000e+00	0.000000e+00	0.000000e+00	0.000000e+00	0.000000e+00	0.000000e+00	0.000000e+00	0.000000e+00	9.000000e-05	9.000000e-05	9.000000e-05	5.800000e-04	5.800000e-04	5.800000e-04	7.766667e-04	7.766667e-04	7.766667e-04	7.233333e-04	7.233333e-04	7.233333e-04	7.500000e-04	7.500000e-04	7.500000e-04	8.033333e-04	8.033333e-04	8.033333e-04	6.966667e-04	6.966667e-04	6.966667e-04	4.766667e-04	4.766667e-04	4.766667e-04	6.666667e-05	6.666667e-05	6.666667e-05	0.000000e+00	0.000000e+00	0.000000e+00	0.000000e+00	0.000000e+00	0.000000e+00	0.000000e+00	0.000000e+00	0.000000e+00	0.000000e+00	0.000000e+00	0.000000e+00	0.000000e+00	0.000000e+00	0.000000e+00	0.000000e+00	0.000000e+00	0.000000e+00	0.000000e+00	0.000000e+00	0.000000e+00	0.000000e+00	0.000000e+00	0.000000e+00	0.000000e+00	0.000000e+00	0.000000e+00	6.000000e-05	6.000000e-05	6.000000e-05	5.666667e-04	5.666667e-04	5.666667e-04	7.333333e-04	7.333333e-04	7.333333e-04	8.066667e-04	8.066667e-04	8.066667e-04	8.400000e-04	8.400000e-04	8.400000e-04	8.166667e-04	8.166667e-04	8.166667e-04	7.733333e-04	7.733333e-04	7.733333e-04	8.200000e-04	8.200000e-04	8.200000e-04	7.900000e-04	7.900000e-04	7.900000e-04	6.000000e-04	6.000000e-04	6.000000e-04	5.000000e-05	5.000000e-05	5.000000e-05	0.000000e+00	0.000000e+00	0.000000e+00	0.000000e+00	0.000000e+00	0.000000e+00	0.000000e+00	0.000000e+00	0.000000e+00	0.000000e+00	0.000000e+00	0.000000e+00	0.000000e+00	0.000000e+00	0.000000e+00	0.000000e+00	0.000000e+00	0.000000e+00	0.000000e+00	0.000000e+00	0.000000e+00	0.000000e+00	0.000000e+00	0.000000e+00	0.000000e+00	0.000000e+00	0.000000e+00	0.000000e+00	0.000000e+00	0.000000e+00	0.000000e+00	0.000000e+00	0.000000e+00	7.000000e-05	7.000000e-05	7.000000e-05	4.400000e-04	4.400000e-04	4.400000e-04	6.633333e-04	6.633333e-04	6.633333e-04	7.800000e-04	7.800000e-04	7.800000e-04	7.933333e-04	7.933333e-04	7.933333e-04	7.300000e-04	7.300000e-04	7.300000e-04	7.766667e-04	7.766667e-04	7.766667e-04	7.566667e-04	7.566667e-04	7.566667e-04	8.066667e-04	8.066667e-04	8.066667e-04	7.100000e-04	7.100000e-04	7.100000e-04	7.033333e-04	7.033333e-04	7.033333e-04	4.666667e-04	4.666667e-04	4.666667e-04	9.333333e-05	9.333333e-05	9.333333e-05	0.000000e+00	0.000000e+00	0.000000e+00	0.000000e+00	0.000000e+00	0.000000e+00	0.000000e+00	0.000000e+00	0.000000e+00	0.000000e+00	0.000000e+00	0.000000e+00	0.000000e+00	0.000000e+00	0.000000e+00	0.000000e+00	0.000000e+00	0.000000e+00	0.000000e+00	0.000000e+00	0.000000e+00	0.000000e+00	0.000000e+00	0.000000e+00	0.000000e+00	0.000000e+00	0.000000e+00	0.000000e+00	0.000000e+00	0.000000e+00	0.000000e+00	0.000000e+00	0.000000e+00	5.000000e-05	5.000000e-05	5.000000e-05	5.466667e-04	5.466667e-04	5.466667e-04	6.800000e-04	6.800000e-04	6.800000e-04	7.600000e-04	7.600000e-04	7.600000e-04	7.533333e-04	7.533333e-04	7.533333e-04	8.200000e-04	8.200000e-04	8.200000e-04	8.066667e-04	8.066667e-04	8.066667e-04	7.900000e-04	7.900000e-04	7.900000e-04	7.400000e-04	7.400000e-04	7.400000e-04	8.066667e-04	8.066667e-04	8.066667e-04	6.966667e-04	6.966667e-04	6.966667e-04	4.600000e-04	4.600000e-04	4.600000e-04	6.666667e-05	6.666667e-05	6.666667e-05	0.000000e+00	0.000000e+00	0.000000e+00	0.000000e+00	0.000000e+00	0.000000e+00	0.000000e+00	0.000000e+00	0.000000e+00	0.000000e+00	0.000000e+00	0.000000e+00	0.000000e+00	0.000000e+00	0.000000e+00	0.000000e+00	0.000000e+00	0.000000e+00	0.000000e+00	0.000000e+00	0.000000e+00	0.000000e+00	0.000000e+00	0.000000e+00	0.000000e+00	0.000000e+00	0.000000e+00	0.000000e+00	0.000000e+00	0.000000e+00	0.000000e+00	0.000000e+00	0.000000e+00	6.000000e-05	6.000000e-05	6.000000e-05	4.066667e-04	4.066667e-04	4.066667e-04	5.933333e-04	5.933333e-04	5.933333e-04	6.433333e-04	6.433333e-04	6.433333e-04	7.166667e-04	7.166667e-04	7.166667e-04	6.933333e-04	6.933333e-04	6.933333e-04	6.733333e-04	6.733333e-04	6.733333e-04	7.166667e-04	7.166667e-04	7.166667e-04	6.333333e-04	6.333333e-04	6.333333e-04	6.266667e-04	6.266667e-04	6.266667e-04	6.166667e-04	6.166667e-04	6.166667e-04	4.233333e-04	4.233333e-04	4.233333e-04	1.166667e-04	1.166667e-04	1.166667e-04	0.000000e+00	0.000000e+00	0.000000e+00	0.000000e+00	0.000000e+00	0.000000e+00	0.000000e+00	0.000000e+00	0.000000e+00	0.000000e+00	0.000000e+00	0.000000e+00	0.000000e+00	0.000000e+00	0.000000e+00	0.000000e+00	0.000000e+00	0.000000e+00	0.000000e+00	0.000000e+00	0.000000e+00	6.666667e-05	6.666667e-05	6.666667e-05	6.000000e-04	6.000000e-04	6.000000e-04	8.100000e-04	8.100000e-04	8.100000e-04	6.966667e-04	6.966667e-04	6.966667e-04	8.100000e-04	8.100000e-04	8.100000e-04	7.900000e-04	7.900000e-04	7.900000e-04	7.366667e-04	7.366667e-04	7.366667e-04	6.400000e-04	6.400000e-04	6.400000e-04	9.000000e-05	9.000000e-05	9.000000e-05	0.000000e+00	0.000000e+00	0.000000e+00	0.000000e+00	0.000000e+00	0.000000e+00	0.000000e+00	0.000000e+00	0.000000e+00	0.000000e+00	0.000000e+00	0.000000e+00	0.000000e+00	0.000000e+00	0.000000e+00	1.033333e-04	1.033333e-04	1.033333e-04	5.266667e-04	5.266667e-04	5.266667e-04	5.400000e-04	5.400000e-04	5.400000e-04	5.900000e-04	5.900000e-04	5.900000e-04	6.000000e-04	6.000000e-04	6.000000e-04	5.333333e-04	5.333333e-04	5.333333e-04	
