#?RADIANCE
oconv -f /tmp/tmp5nedh5ys/env /tmp/receiverppx9apd8
rcontrib -fo+ -ab 0 -fda -c 300000 -f klems_full.cal -p RHS=+1 -bn Nkbins -b kbin(0,1,0,0,0,1) -m rfluxsrfglass_80 -y 1
SOFTWARE= RADIANCE 5.2.dd0f8e38a7 NREL 2018-10-09 (based on RADIANCE 5.2 Official Release by LBNL)
CAPDATE= 2020:09:12 16:12:15
GMT= 2020:09:12 23:12:15
NCOMP=3
NROWS=1
NCOLS=145
FORMAT=ascii

3.333333e-06	3.333333e-06	3.333333e-06	1.533333e-04	1.533333e-04	1.533333e-04	6.666667e-05	6.666667e-05	6.666667e-05	0.000000e+00	0.000000e+00	0.000000e+00	0.000000e+00	0.000000e+00	0.000000e+00	0.000000e+00	0.000000e+00	0.000000e+00	0.000000e+00	0.000000e+00	0.000000e+00	0.000000e+00	0.000000e+00	0.000000e+00	7.333333e-05	7.333333e-05	7.333333e-05	2.800000e-04	2.800000e-04	2.800000e-04	2.433333e-04	2.433333e-04	2.433333e-04	1.633333e-04	1.633333e-04	1.633333e-04	5.666667e-05	5.666667e-05	5.666667e-05	0.000000e+00	0.000000e+00	0.000000e+00	0.000000e+00	0.000000e+00	0.000000e+00	0.000000e+00	0.000000e+00	0.000000e+00	0.000000e+00	0.000000e+00	0.000000e+00	0.000000e+00	0.000000e+00	0.000000e+00	0.000000e+00	0.000000e+00	0.000000e+00	0.000000e+00	0.000000e+00	0.000000e+00	0.000000e+00	0.000000e+00	0.000000e+00	3.333333e-06	3.333333e-06	3.333333e-06	5.000000e-05	5.000000e-05	5.000000e-05	2.066667e-04	2.066667e-04	2.066667e-04	2.500000e-04	2.500000e-04	2.500000e-04	4.766667e-04	4.766667e-04	4.766667e-04	4.866667e-04	4.866667e-04	4.866667e-04	3.400000e-04	3.400000e-04	3.400000e-04	1.333333e-04	1.333333e-04	1.333333e-04	4.666667e-05	4.666667e-05	4.666667e-05	0.000000e+00	0.000000e+00	0.000000e+00	0.000000e+00	0.000000e+00	0.000000e+00	0.000000e+00	0.000000e+00	0.000000e+00	0.000000e+00	0.000000e+00	0.000000e+00	0.000000e+00	0.000000e+00	0.000000e+00	0.000000e+00	0.000000e+00	0.000000e+00	0.000000e+00	0.000000e+00	0.000000e+00	0.000000e+00	0.000000e+00	0.000000e+00	0.000000e+00	0.000000e+00	0.000000e+00	0.000000e+00	0.000000e+00	0.000000e+00	0.000000e+00	0.000000e+00	0.000000e+00	6.000000e-05	6.000000e-05	6.000000e-05	1.866667e-04	1.866667e-04	1.866667e-04	3.300000e-04	3.300000e-04	3.300000e-04	4.700000e-04	4.700000e-04	4.700000e-04	5.666667e-04	5.666667e-04	5.666667e-04	5.166667e-04	5.166667e-04	5.166667e-04	3.866667e-04	3.866667e-04	3.866667e-04	1.833333e-04	1.833333e-04	1.833333e-04	9.333333e-05	9.333333e-05	9.333333e-05	2.666667e-05	2.666667e-05	2.666667e-05	0.000000e+00	0.000000e+00	0.000000e+00	0.000000e+00	0.000000e+00	0.000000e+00	0.000000e+00	0.000000e+00	0.000000e+00	0.000000e+00	0.000000e+00	0.000000e+00	0.000000e+00	0.000000e+00	0.000000e+00	0.000000e+00	0.000000e+00	0.000000e+00	0.000000e+00	0.000000e+00	0.000000e+00	0.000000e+00	0.000000e+00	0.000000e+00	0.000000e+00	0.000000e+00	0.000000e+00	0.000000e+00	0.000000e+00	0.000000e+00	0.000000e+00	0.000000e+00	0.000000e+00	0.000000e+00	0.000000e+00	0.000000e+00	0.000000e+00	0.000000e+00	0.000000e+00	4.333333e-05	4.333333e-05	4.333333e-05	1.533333e-04	1.533333e-04	1.533333e-04	3.166667e-04	3.166667e-04	3.166667e-04	4.833333e-04	4.833333e-04	4.833333e-04	5.366667e-04	5.366667e-04	5.366667e-04	5.900000e-04	5.900000e-04	5.900000e-04	5.566667e-04	5.566667e-04	5.566667e-04	3.966667e-04	3.966667e-04	3.966667e-04	2.266667e-04	2.266667e-04	2.266667e-04	7.666667e-05	7.666667e-05	7.666667e-05	2.333333e-05	2.333333e-05	2.333333e-05	0.000000e+00	0.000000e+00	0.000000e+00	0.000000e+00	0.000000e+00	0.000000e+00	0.000000e+00	0.000000e+00	0.000000e+00	0.000000e+00	0.000000e+00	0.000000e+00	0.000000e+00	0.000000e+00	0.000000e+00	0.000000e+00	0.000000e+00	0.000000e+00	0.000000e+00	0.000000e+00	0.000000e+00	0.000000e+00	0.000000e+00	0.000000e+00	0.000000e+00	0.000000e+00	0.000000e+00	0.000000e+00	0.000000e+00	0.000000e+00	0.000000e+00	0.000000e+00	0.000000e+00	0.000000e+00	0.000000e+00	0.000000e+00	0.000000e+00	0.000000e+00	0.000000e+00	3.666667e-05	3.666667e-05	3.666667e-05	1.433333e-04	1.433333e-04	1.433333e-04	2.566667e-04	2.566667e-04	2.566667e-04	4.100000e-04	4.100000e-04	4.100000e-04	5.500000e-04	5.500000e-04	5.500000e-04	4.466667e-04	4.466667e-04	4.466667e-04	4.733333e-04	4.733333e-04	4.733333e-04	3.566667e-04	3.566667e-04	3.566667e-04	1.666667e-04	1.666667e-04	1.666667e-04	8.666667e-05	8.666667e-05	8.666667e-05	3.333333e-05	3.333333e-05	3.333333e-05	0.000000e+00	0.000000e+00	0.000000e+00	0.000000e+00	0.000000e+00	0.000000e+00	0.000000e+00	0.000000e+00	0.000000e+00	0.000000e+00	0.000000e+00	0.000000e+00	0.000000e+00	0.000000e+00	0.000000e+00	0.000000e+00	0.000000e+00	0.000000e+00	0.000000e+00	0.000000e+00	0.000000e+00	0.000000e+00	0.000000e+00	0.000000e+00	0.000000e+00	0.000000e+00	0.000000e+00	0.000000e+00	0.000000e+00	0.000000e+00	0.000000e+00	0.000000e+00	0.000000e+00	0.000000e+00	0.000000e+00	0.000000e+00	3.333333e-06	3.333333e-06	3.333333e-06	5.333333e-05	5.333333e-05	5.333333e-05	1.166667e-04	1.166667e-04	1.166667e-04	2.700000e-04	2.700000e-04	2.700000e-04	4.000000e-04	4.000000e-04	4.000000e-04	4.400000e-04	4.400000e-04	4.400000e-04	5.333333e-04	5.333333e-04	5.333333e-04	4.833333e-04	4.833333e-04	4.833333e-04	2.266667e-04	2.266667e-04	2.266667e-04	6.000000e-05	6.000000e-05	6.000000e-05	0.000000e+00	0.000000e+00	0.000000e+00	0.000000e+00	0.000000e+00	0.000000e+00	0.000000e+00	0.000000e+00	0.000000e+00	0.000000e+00	0.000000e+00	0.000000e+00	0.000000e+00	0.000000e+00	0.000000e+00	0.000000e+00	0.000000e+00	0.000000e+00	0.000000e+00	0.000000e+00	0.000000e+00	0.000000e+00	0.000000e+00	0.000000e+00	3.333333e-06	3.333333e-06	3.333333e-06	8.666667e-05	8.666667e-05	8.666667e-05	2.533333e-04	2.533333e-04	2.533333e-04	5.433333e-04	5.433333e-04	5.433333e-04	3.766667e-04	3.766667e-04	3.766667e-04	3.000000e-04	3.000000e-04	3.000000e-04	9.333333e-05	9.333333e-05	9.333333e-05	0.000000e+00	0.000000e+00	0.000000e+00	0.000000e+00	0.000000e+00	0.000000e+00	0.000000e+00	0.000000e+00	0.000000e+00	0.000000e+00	0.000000e+00	0.000000e+00	0.000000e+00	0.000000e+00	0.000000e+00	0.000000e+00	0.000000e+00	0.000000e+00	1.000000e-05	1.000000e-05	1.000000e-05	9.333333e-05	9.333333e-05	9.333333e-05	3.133333e-04	3.133333e-04	3.133333e-04	
