#?RADIANCE
oconv -f /tmp/tmpedz3t_zh/env /tmp/receivera5upfr46
rcontrib -fo+ -ab 0 -fda -c 300000 -f klems_full.cal -p RHS=+1 -bn Nkbins -b kbin(0,1,0,0,0,1) -m rfluxsrfglass_80 -y 1
SOFTWARE= RADIANCE 5.2.dd0f8e38a7 NREL 2018-10-09 (based on RADIANCE 5.2 Official Release by LBNL)
CAPDATE= 2020:09:12 16:08:08
GMT= 2020:09:12 23:08:08
NCOMP=3
NROWS=1
NCOLS=145
FORMAT=ascii

0.000000e+00	0.000000e+00	0.000000e+00	1.200000e-04	1.200000e-04	1.200000e-04	8.666667e-05	8.666667e-05	8.666667e-05	6.666667e-06	6.666667e-06	6.666667e-06	0.000000e+00	0.000000e+00	0.000000e+00	0.000000e+00	0.000000e+00	0.000000e+00	0.000000e+00	0.000000e+00	0.000000e+00	0.000000e+00	0.000000e+00	0.000000e+00	6.666667e-05	6.666667e-05	6.666667e-05	2.933333e-04	2.933333e-04	2.933333e-04	2.300000e-04	2.300000e-04	2.300000e-04	2.133333e-04	2.133333e-04	2.133333e-04	8.000000e-05	8.000000e-05	8.000000e-05	0.000000e+00	0.000000e+00	0.000000e+00	0.000000e+00	0.000000e+00	0.000000e+00	0.000000e+00	0.000000e+00	0.000000e+00	0.000000e+00	0.000000e+00	0.000000e+00	0.000000e+00	0.000000e+00	0.000000e+00	0.000000e+00	0.000000e+00	0.000000e+00	0.000000e+00	0.000000e+00	0.000000e+00	0.000000e+00	0.000000e+00	0.000000e+00	0.000000e+00	0.000000e+00	0.000000e+00	8.000000e-05	8.000000e-05	8.000000e-05	1.933333e-04	1.933333e-04	1.933333e-04	2.366667e-04	2.366667e-04	2.366667e-04	5.233333e-04	5.233333e-04	5.233333e-04	4.900000e-04	4.900000e-04	4.900000e-04	3.833333e-04	3.833333e-04	3.833333e-04	1.933333e-04	1.933333e-04	1.933333e-04	6.666667e-05	6.666667e-05	6.666667e-05	0.000000e+00	0.000000e+00	0.000000e+00	0.000000e+00	0.000000e+00	0.000000e+00	0.000000e+00	0.000000e+00	0.000000e+00	0.000000e+00	0.000000e+00	0.000000e+00	0.000000e+00	0.000000e+00	0.000000e+00	0.000000e+00	0.000000e+00	0.000000e+00	0.000000e+00	0.000000e+00	0.000000e+00	0.000000e+00	0.000000e+00	0.000000e+00	0.000000e+00	0.000000e+00	0.000000e+00	0.000000e+00	0.000000e+00	0.000000e+00	0.000000e+00	0.000000e+00	0.000000e+00	4.333333e-05	4.333333e-05	4.333333e-05	1.333333e-04	1.333333e-04	1.333333e-04	3.266667e-04	3.266667e-04	3.266667e-04	5.066667e-04	5.066667e-04	5.066667e-04	4.700000e-04	4.700000e-04	4.700000e-04	5.766667e-04	5.766667e-04	5.766667e-04	5.033333e-04	5.033333e-04	5.033333e-04	2.733333e-04	2.733333e-04	2.733333e-04	1.666667e-04	1.666667e-04	1.666667e-04	5.333333e-05	5.333333e-05	5.333333e-05	0.000000e+00	0.000000e+00	0.000000e+00	0.000000e+00	0.000000e+00	0.000000e+00	0.000000e+00	0.000000e+00	0.000000e+00	0.000000e+00	0.000000e+00	0.000000e+00	0.000000e+00	0.000000e+00	0.000000e+00	0.000000e+00	0.000000e+00	0.000000e+00	0.000000e+00	0.000000e+00	0.000000e+00	0.000000e+00	0.000000e+00	0.000000e+00	0.000000e+00	0.000000e+00	0.000000e+00	0.000000e+00	0.000000e+00	0.000000e+00	0.000000e+00	0.000000e+00	0.000000e+00	0.000000e+00	0.000000e+00	0.000000e+00	0.000000e+00	0.000000e+00	0.000000e+00	3.333333e-05	3.333333e-05	3.333333e-05	8.333333e-05	8.333333e-05	8.333333e-05	1.766667e-04	1.766667e-04	1.766667e-04	3.200000e-04	3.200000e-04	3.200000e-04	5.366667e-04	5.366667e-04	5.366667e-04	5.333333e-04	5.333333e-04	5.333333e-04	5.433333e-04	5.433333e-04	5.433333e-04	4.600000e-04	4.600000e-04	4.600000e-04	2.733333e-04	2.733333e-04	2.733333e-04	1.566667e-04	1.566667e-04	1.566667e-04	8.000000e-05	8.000000e-05	8.000000e-05	0.000000e+00	0.000000e+00	0.000000e+00	0.000000e+00	0.000000e+00	0.000000e+00	0.000000e+00	0.000000e+00	0.000000e+00	0.000000e+00	0.000000e+00	0.000000e+00	0.000000e+00	0.000000e+00	0.000000e+00	0.000000e+00	0.000000e+00	0.000000e+00	0.000000e+00	0.000000e+00	0.000000e+00	0.000000e+00	0.000000e+00	0.000000e+00	0.000000e+00	0.000000e+00	0.000000e+00	0.000000e+00	0.000000e+00	0.000000e+00	0.000000e+00	0.000000e+00	0.000000e+00	0.000000e+00	0.000000e+00	0.000000e+00	0.000000e+00	0.000000e+00	0.000000e+00	2.333333e-05	2.333333e-05	2.333333e-05	1.100000e-04	1.100000e-04	1.100000e-04	1.733333e-04	1.733333e-04	1.733333e-04	4.466667e-04	4.466667e-04	4.466667e-04	5.433333e-04	5.433333e-04	5.433333e-04	4.400000e-04	4.400000e-04	4.400000e-04	5.033333e-04	5.033333e-04	5.033333e-04	3.833333e-04	3.833333e-04	3.833333e-04	2.600000e-04	2.600000e-04	2.600000e-04	1.300000e-04	1.300000e-04	1.300000e-04	4.000000e-05	4.000000e-05	4.000000e-05	0.000000e+00	0.000000e+00	0.000000e+00	0.000000e+00	0.000000e+00	0.000000e+00	0.000000e+00	0.000000e+00	0.000000e+00	0.000000e+00	0.000000e+00	0.000000e+00	0.000000e+00	0.000000e+00	0.000000e+00	0.000000e+00	0.000000e+00	0.000000e+00	0.000000e+00	0.000000e+00	0.000000e+00	0.000000e+00	0.000000e+00	0.000000e+00	0.000000e+00	0.000000e+00	0.000000e+00	0.000000e+00	0.000000e+00	0.000000e+00	0.000000e+00	0.000000e+00	0.000000e+00	0.000000e+00	0.000000e+00	0.000000e+00	0.000000e+00	0.000000e+00	0.000000e+00	4.000000e-05	4.000000e-05	4.000000e-05	6.666667e-05	6.666667e-05	6.666667e-05	1.866667e-04	1.866667e-04	1.866667e-04	2.733333e-04	2.733333e-04	2.733333e-04	4.766667e-04	4.766667e-04	4.766667e-04	4.833333e-04	4.833333e-04	4.833333e-04	5.066667e-04	5.066667e-04	5.066667e-04	2.700000e-04	2.700000e-04	2.700000e-04	1.200000e-04	1.200000e-04	1.200000e-04	3.333333e-06	3.333333e-06	3.333333e-06	0.000000e+00	0.000000e+00	0.000000e+00	0.000000e+00	0.000000e+00	0.000000e+00	0.000000e+00	0.000000e+00	0.000000e+00	0.000000e+00	0.000000e+00	0.000000e+00	0.000000e+00	0.000000e+00	0.000000e+00	0.000000e+00	0.000000e+00	0.000000e+00	0.000000e+00	0.000000e+00	0.000000e+00	3.333333e-06	3.333333e-06	3.333333e-06	3.666667e-05	3.666667e-05	3.666667e-05	1.900000e-04	1.900000e-04	1.900000e-04	4.666667e-04	4.666667e-04	4.666667e-04	4.400000e-04	4.400000e-04	4.400000e-04	3.900000e-04	3.900000e-04	3.900000e-04	1.133333e-04	1.133333e-04	1.133333e-04	3.333333e-06	3.333333e-06	3.333333e-06	0.000000e+00	0.000000e+00	0.000000e+00	0.000000e+00	0.000000e+00	0.000000e+00	0.000000e+00	0.000000e+00	0.000000e+00	0.000000e+00	0.000000e+00	0.000000e+00	0.000000e+00	0.000000e+00	0.000000e+00	0.000000e+00	0.000000e+00	0.000000e+00	8.000000e-05	8.000000e-05	8.000000e-05	3.433333e-04	3.433333e-04	3.433333e-04	
