#?RADIANCE
oconv -f /tmp/tmp76e59w5x/env /tmp/tmp76e59w5x/receiver
rcontrib -fo+ -ab 0 -fda -c 300000 -f klems_full.cal -p RHS=+1 -bn Nkbins -b kbin(0,1,0,0,0,-1) -m rflxglass_60 -y 1
SOFTWARE= RADIANCE 5.2.dd0f8e38a7 NREL 2018-10-09 (based on RADIANCE 5.2 Official Release by LBNL)
CAPDATE= 2021:06:08 17:19:02
GMT= 2021:06:08 17:19:02
NCOMP=3
NROWS=1
NCOLS=145
FORMAT=ascii

0.000000e+00	0.000000e+00	0.000000e+00	0.000000e+00	0.000000e+00	0.000000e+00	0.000000e+00	0.000000e+00	0.000000e+00	0.000000e+00	0.000000e+00	0.000000e+00	0.000000e+00	0.000000e+00	0.000000e+00	0.000000e+00	0.000000e+00	0.000000e+00	0.000000e+00	0.000000e+00	0.000000e+00	2.333333e-05	2.333333e-05	2.333333e-05	0.000000e+00	0.000000e+00	0.000000e+00	0.000000e+00	0.000000e+00	0.000000e+00	0.000000e+00	0.000000e+00	0.000000e+00	0.000000e+00	0.000000e+00	0.000000e+00	0.000000e+00	0.000000e+00	0.000000e+00	0.000000e+00	0.000000e+00	0.000000e+00	0.000000e+00	0.000000e+00	0.000000e+00	0.000000e+00	0.000000e+00	0.000000e+00	0.000000e+00	0.000000e+00	0.000000e+00	0.000000e+00	0.000000e+00	0.000000e+00	0.000000e+00	0.000000e+00	0.000000e+00	1.300000e-04	1.300000e-04	1.300000e-04	4.666667e-04	4.666667e-04	4.666667e-04	6.133333e-04	6.133333e-04	6.133333e-04	4.466667e-04	4.466667e-04	4.466667e-04	1.166667e-04	1.166667e-04	1.166667e-04	0.000000e+00	0.000000e+00	0.000000e+00	0.000000e+00	0.000000e+00	0.000000e+00	0.000000e+00	0.000000e+00	0.000000e+00	0.000000e+00	0.000000e+00	0.000000e+00	0.000000e+00	0.000000e+00	0.000000e+00	0.000000e+00	0.000000e+00	0.000000e+00	0.000000e+00	0.000000e+00	0.000000e+00	0.000000e+00	0.000000e+00	0.000000e+00	0.000000e+00	0.000000e+00	0.000000e+00	0.000000e+00	0.000000e+00	0.000000e+00	0.000000e+00	0.000000e+00	0.000000e+00	0.000000e+00	0.000000e+00	0.000000e+00	3.333333e-06	3.333333e-06	3.333333e-06	2.733333e-04	2.733333e-04	2.733333e-04	5.200000e-04	5.200000e-04	5.200000e-04	6.900000e-04	6.900000e-04	6.900000e-04	7.666667e-04	7.666667e-04	7.666667e-04	6.800000e-04	6.800000e-04	6.800000e-04	5.933333e-04	5.933333e-04	5.933333e-04	2.533333e-04	2.533333e-04	2.533333e-04	3.333333e-06	3.333333e-06	3.333333e-06	0.000000e+00	0.000000e+00	0.000000e+00	0.000000e+00	0.000000e+00	0.000000e+00	0.000000e+00	0.000000e+00	0.000000e+00	0.000000e+00	0.000000e+00	0.000000e+00	0.000000e+00	0.000000e+00	0.000000e+00	0.000000e+00	0.000000e+00	0.000000e+00	0.000000e+00	0.000000e+00	0.000000e+00	0.000000e+00	0.000000e+00	0.000000e+00	0.000000e+00	0.000000e+00	0.000000e+00	0.000000e+00	0.000000e+00	0.000000e+00	0.000000e+00	0.000000e+00	0.000000e+00	0.000000e+00	0.000000e+00	0.000000e+00	0.000000e+00	0.000000e+00	0.000000e+00	0.000000e+00	0.000000e+00	0.000000e+00	1.400000e-04	1.400000e-04	1.400000e-04	4.033333e-04	4.033333e-04	4.033333e-04	5.400000e-04	5.400000e-04	5.400000e-04	6.666667e-04	6.666667e-04	6.666667e-04	6.500000e-04	6.500000e-04	6.500000e-04	6.100000e-04	6.100000e-04	6.100000e-04	4.866667e-04	4.866667e-04	4.866667e-04	4.066667e-04	4.066667e-04	4.066667e-04	1.300000e-04	1.300000e-04	1.300000e-04	0.000000e+00	0.000000e+00	0.000000e+00	0.000000e+00	0.000000e+00	0.000000e+00	0.000000e+00	0.000000e+00	0.000000e+00	0.000000e+00	0.000000e+00	0.000000e+00	0.000000e+00	0.000000e+00	0.000000e+00	0.000000e+00	0.000000e+00	0.000000e+00	0.000000e+00	0.000000e+00	0.000000e+00	0.000000e+00	0.000000e+00	0.000000e+00	0.000000e+00	0.000000e+00	0.000000e+00	0.000000e+00	0.000000e+00	0.000000e+00	0.000000e+00	0.000000e+00	0.000000e+00	0.000000e+00	0.000000e+00	0.000000e+00	0.000000e+00	0.000000e+00	0.000000e+00	0.000000e+00	0.000000e+00	0.000000e+00	0.000000e+00	0.000000e+00	0.000000e+00	1.666667e-04	1.666667e-04	1.666667e-04	4.266667e-04	4.266667e-04	4.266667e-04	5.433333e-04	5.433333e-04	5.433333e-04	6.366667e-04	6.366667e-04	6.366667e-04	7.333333e-04	7.333333e-04	7.333333e-04	6.300000e-04	6.300000e-04	6.300000e-04	5.733333e-04	5.733333e-04	5.733333e-04	4.166667e-04	4.166667e-04	4.166667e-04	1.766667e-04	1.766667e-04	1.766667e-04	0.000000e+00	0.000000e+00	0.000000e+00	0.000000e+00	0.000000e+00	0.000000e+00	0.000000e+00	0.000000e+00	0.000000e+00	0.000000e+00	0.000000e+00	0.000000e+00	0.000000e+00	0.000000e+00	0.000000e+00	0.000000e+00	0.000000e+00	0.000000e+00	0.000000e+00	0.000000e+00	0.000000e+00	0.000000e+00	0.000000e+00	0.000000e+00	0.000000e+00	0.000000e+00	0.000000e+00	0.000000e+00	0.000000e+00	0.000000e+00	0.000000e+00	0.000000e+00	0.000000e+00	0.000000e+00	0.000000e+00	0.000000e+00	0.000000e+00	0.000000e+00	0.000000e+00	0.000000e+00	0.000000e+00	0.000000e+00	0.000000e+00	0.000000e+00	0.000000e+00	1.300000e-04	1.300000e-04	1.300000e-04	2.966667e-04	2.966667e-04	2.966667e-04	4.933333e-04	4.933333e-04	4.933333e-04	5.466667e-04	5.466667e-04	5.466667e-04	6.533333e-04	6.533333e-04	6.533333e-04	5.733333e-04	5.733333e-04	5.733333e-04	4.566667e-04	4.566667e-04	4.566667e-04	3.400000e-04	3.400000e-04	3.400000e-04	1.400000e-04	1.400000e-04	1.400000e-04	0.000000e+00	0.000000e+00	0.000000e+00	0.000000e+00	0.000000e+00	0.000000e+00	0.000000e+00	0.000000e+00	0.000000e+00	0.000000e+00	0.000000e+00	0.000000e+00	0.000000e+00	0.000000e+00	0.000000e+00	0.000000e+00	0.000000e+00	0.000000e+00	0.000000e+00	0.000000e+00	0.000000e+00	0.000000e+00	0.000000e+00	0.000000e+00	0.000000e+00	0.000000e+00	0.000000e+00	0.000000e+00	0.000000e+00	0.000000e+00	6.000000e-05	6.000000e-05	6.000000e-05	3.300000e-04	3.300000e-04	3.300000e-04	6.266667e-04	6.266667e-04	6.266667e-04	7.233333e-04	7.233333e-04	7.233333e-04	5.733333e-04	5.733333e-04	5.733333e-04	4.433333e-04	4.433333e-04	4.433333e-04	6.333333e-05	6.333333e-05	6.333333e-05	0.000000e+00	0.000000e+00	0.000000e+00	0.000000e+00	0.000000e+00	0.000000e+00	0.000000e+00	0.000000e+00	0.000000e+00	0.000000e+00	0.000000e+00	0.000000e+00	0.000000e+00	0.000000e+00	0.000000e+00	0.000000e+00	0.000000e+00	0.000000e+00	0.000000e+00	0.000000e+00	0.000000e+00	1.233333e-04	1.233333e-04	1.233333e-04	4.466667e-04	4.466667e-04	4.466667e-04	5.966667e-04	5.966667e-04	5.966667e-04	4.600000e-04	4.600000e-04	4.600000e-04	1.133333e-04	1.133333e-04	1.133333e-04	
