#?RADIANCE
oconv -f /tmp/tmpr048fgkm/env /tmp/tmpr048fgkm/receiver
rcontrib -fo+ -ab 0 -fda -c 300000 -f klems_full.cal -p RHS=+1 -bn Nkbins -b kbin(0,1,0,0,0,-1) -m rflxglass_60 -y 1
SOFTWARE= RADIANCE 5.2.dd0f8e38a7 NREL 2018-10-09 (based on RADIANCE 5.2 Official Release by LBNL)
CAPDATE= 2021:06:08 17:19:52
GMT= 2021:06:08 17:19:52
NCOMP=3
NROWS=1
NCOLS=145
FORMAT=ascii

0.000000e+00	0.000000e+00	0.000000e+00	0.000000e+00	0.000000e+00	0.000000e+00	0.000000e+00	0.000000e+00	0.000000e+00	0.000000e+00	0.000000e+00	0.000000e+00	0.000000e+00	0.000000e+00	0.000000e+00	0.000000e+00	0.000000e+00	0.000000e+00	1.666667e-05	1.666667e-05	1.666667e-05	9.666667e-05	9.666667e-05	9.666667e-05	1.000000e-05	1.000000e-05	1.000000e-05	0.000000e+00	0.000000e+00	0.000000e+00	0.000000e+00	0.000000e+00	0.000000e+00	0.000000e+00	0.000000e+00	0.000000e+00	0.000000e+00	0.000000e+00	0.000000e+00	0.000000e+00	0.000000e+00	0.000000e+00	0.000000e+00	0.000000e+00	0.000000e+00	0.000000e+00	0.000000e+00	0.000000e+00	0.000000e+00	0.000000e+00	0.000000e+00	0.000000e+00	0.000000e+00	0.000000e+00	1.333333e-05	1.333333e-05	1.333333e-05	9.333333e-05	9.333333e-05	9.333333e-05	2.200000e-04	2.200000e-04	2.200000e-04	2.633333e-04	2.633333e-04	2.633333e-04	2.133333e-04	2.133333e-04	2.133333e-04	1.400000e-04	1.400000e-04	1.400000e-04	3.333333e-06	3.333333e-06	3.333333e-06	0.000000e+00	0.000000e+00	0.000000e+00	0.000000e+00	0.000000e+00	0.000000e+00	0.000000e+00	0.000000e+00	0.000000e+00	0.000000e+00	0.000000e+00	0.000000e+00	0.000000e+00	0.000000e+00	0.000000e+00	0.000000e+00	0.000000e+00	0.000000e+00	0.000000e+00	0.000000e+00	0.000000e+00	0.000000e+00	0.000000e+00	0.000000e+00	0.000000e+00	0.000000e+00	0.000000e+00	0.000000e+00	0.000000e+00	0.000000e+00	0.000000e+00	0.000000e+00	0.000000e+00	6.666667e-06	6.666667e-06	6.666667e-06	1.500000e-04	1.500000e-04	1.500000e-04	1.933333e-04	1.933333e-04	1.933333e-04	2.100000e-04	2.100000e-04	2.100000e-04	2.100000e-04	2.100000e-04	2.100000e-04	2.366667e-04	2.366667e-04	2.366667e-04	1.833333e-04	1.833333e-04	1.833333e-04	1.433333e-04	1.433333e-04	1.433333e-04	2.333333e-05	2.333333e-05	2.333333e-05	0.000000e+00	0.000000e+00	0.000000e+00	0.000000e+00	0.000000e+00	0.000000e+00	0.000000e+00	0.000000e+00	0.000000e+00	0.000000e+00	0.000000e+00	0.000000e+00	0.000000e+00	0.000000e+00	0.000000e+00	0.000000e+00	0.000000e+00	0.000000e+00	0.000000e+00	0.000000e+00	0.000000e+00	0.000000e+00	0.000000e+00	0.000000e+00	0.000000e+00	0.000000e+00	0.000000e+00	0.000000e+00	0.000000e+00	0.000000e+00	0.000000e+00	0.000000e+00	0.000000e+00	0.000000e+00	0.000000e+00	0.000000e+00	0.000000e+00	0.000000e+00	0.000000e+00	3.333333e-06	3.333333e-06	3.333333e-06	1.066667e-04	1.066667e-04	1.066667e-04	1.833333e-04	1.833333e-04	1.833333e-04	2.300000e-04	2.300000e-04	2.300000e-04	2.400000e-04	2.400000e-04	2.400000e-04	3.033333e-04	3.033333e-04	3.033333e-04	2.400000e-04	2.400000e-04	2.400000e-04	2.233333e-04	2.233333e-04	2.233333e-04	2.466667e-04	2.466667e-04	2.466667e-04	1.000000e-04	1.000000e-04	1.000000e-04	1.333333e-05	1.333333e-05	1.333333e-05	0.000000e+00	0.000000e+00	0.000000e+00	0.000000e+00	0.000000e+00	0.000000e+00	0.000000e+00	0.000000e+00	0.000000e+00	0.000000e+00	0.000000e+00	0.000000e+00	0.000000e+00	0.000000e+00	0.000000e+00	0.000000e+00	0.000000e+00	0.000000e+00	0.000000e+00	0.000000e+00	0.000000e+00	0.000000e+00	0.000000e+00	0.000000e+00	0.000000e+00	0.000000e+00	0.000000e+00	0.000000e+00	0.000000e+00	0.000000e+00	0.000000e+00	0.000000e+00	0.000000e+00	0.000000e+00	0.000000e+00	0.000000e+00	0.000000e+00	0.000000e+00	0.000000e+00	0.000000e+00	0.000000e+00	0.000000e+00	1.100000e-04	1.100000e-04	1.100000e-04	1.700000e-04	1.700000e-04	1.700000e-04	2.133333e-04	2.133333e-04	2.133333e-04	2.233333e-04	2.233333e-04	2.233333e-04	2.600000e-04	2.600000e-04	2.600000e-04	2.533333e-04	2.533333e-04	2.533333e-04	2.333333e-04	2.333333e-04	2.333333e-04	1.666667e-04	1.666667e-04	1.666667e-04	1.100000e-04	1.100000e-04	1.100000e-04	3.333333e-06	3.333333e-06	3.333333e-06	0.000000e+00	0.000000e+00	0.000000e+00	0.000000e+00	0.000000e+00	0.000000e+00	0.000000e+00	0.000000e+00	0.000000e+00	0.000000e+00	0.000000e+00	0.000000e+00	0.000000e+00	0.000000e+00	0.000000e+00	0.000000e+00	0.000000e+00	0.000000e+00	0.000000e+00	0.000000e+00	0.000000e+00	0.000000e+00	0.000000e+00	0.000000e+00	0.000000e+00	0.000000e+00	0.000000e+00	0.000000e+00	0.000000e+00	0.000000e+00	0.000000e+00	0.000000e+00	0.000000e+00	0.000000e+00	0.000000e+00	0.000000e+00	0.000000e+00	0.000000e+00	0.000000e+00	1.666667e-05	1.666667e-05	1.666667e-05	1.066667e-04	1.066667e-04	1.066667e-04	1.700000e-04	1.700000e-04	1.700000e-04	1.766667e-04	1.766667e-04	1.766667e-04	2.100000e-04	2.100000e-04	2.100000e-04	2.066667e-04	2.066667e-04	2.066667e-04	2.000000e-04	2.000000e-04	2.000000e-04	2.066667e-04	2.066667e-04	2.066667e-04	1.266667e-04	1.266667e-04	1.266667e-04	1.033333e-04	1.033333e-04	1.033333e-04	0.000000e+00	0.000000e+00	0.000000e+00	0.000000e+00	0.000000e+00	0.000000e+00	0.000000e+00	0.000000e+00	0.000000e+00	0.000000e+00	0.000000e+00	0.000000e+00	0.000000e+00	0.000000e+00	0.000000e+00	0.000000e+00	0.000000e+00	0.000000e+00	0.000000e+00	0.000000e+00	0.000000e+00	0.000000e+00	0.000000e+00	0.000000e+00	0.000000e+00	0.000000e+00	0.000000e+00	0.000000e+00	0.000000e+00	0.000000e+00	3.333333e-05	3.333333e-05	3.333333e-05	1.700000e-04	1.700000e-04	1.700000e-04	1.933333e-04	1.933333e-04	1.933333e-04	2.300000e-04	2.300000e-04	2.300000e-04	1.933333e-04	1.933333e-04	1.933333e-04	1.733333e-04	1.733333e-04	1.733333e-04	5.333333e-05	5.333333e-05	5.333333e-05	0.000000e+00	0.000000e+00	0.000000e+00	0.000000e+00	0.000000e+00	0.000000e+00	0.000000e+00	0.000000e+00	0.000000e+00	0.000000e+00	0.000000e+00	0.000000e+00	0.000000e+00	0.000000e+00	0.000000e+00	0.000000e+00	0.000000e+00	0.000000e+00	0.000000e+00	0.000000e+00	0.000000e+00	8.000000e-05	8.000000e-05	8.000000e-05	1.400000e-04	1.400000e-04	1.400000e-04	2.100000e-04	2.100000e-04	2.100000e-04	1.166667e-04	1.166667e-04	1.166667e-04	6.666667e-05	6.666667e-05	6.666667e-05	
