#?RADIANCE
oconv -f /tmp/tmp83fc4fk2/env /tmp/tmp83fc4fk2/receiver
rcontrib -fo+ -ab 0 -fda -c 300000 -f klems_full.cal -p RHS=+1 -bn Nkbins -b kbin(0,1,0,0,0,-1) -m rflxglass_60 -y 1
SOFTWARE= RADIANCE 5.2.dd0f8e38a7 NREL 2018-10-09 (based on RADIANCE 5.2 Official Release by LBNL)
CAPDATE= 2021:06:08 17:19:03
GMT= 2021:06:08 17:19:03
NCOMP=3
NROWS=1
NCOLS=145
FORMAT=ascii

0.000000e+00	0.000000e+00	0.000000e+00	0.000000e+00	0.000000e+00	0.000000e+00	0.000000e+00	0.000000e+00	0.000000e+00	0.000000e+00	0.000000e+00	0.000000e+00	0.000000e+00	0.000000e+00	0.000000e+00	0.000000e+00	0.000000e+00	0.000000e+00	0.000000e+00	0.000000e+00	0.000000e+00	0.000000e+00	0.000000e+00	0.000000e+00	0.000000e+00	0.000000e+00	0.000000e+00	0.000000e+00	0.000000e+00	0.000000e+00	0.000000e+00	0.000000e+00	0.000000e+00	8.666667e-05	8.666667e-05	8.666667e-05	3.633333e-04	3.633333e-04	3.633333e-04	5.633333e-04	5.633333e-04	5.633333e-04	4.200000e-04	4.200000e-04	4.200000e-04	7.666667e-05	7.666667e-05	7.666667e-05	0.000000e+00	0.000000e+00	0.000000e+00	0.000000e+00	0.000000e+00	0.000000e+00	0.000000e+00	0.000000e+00	0.000000e+00	0.000000e+00	0.000000e+00	0.000000e+00	0.000000e+00	0.000000e+00	0.000000e+00	0.000000e+00	0.000000e+00	0.000000e+00	0.000000e+00	0.000000e+00	0.000000e+00	0.000000e+00	0.000000e+00	0.000000e+00	0.000000e+00	0.000000e+00	0.000000e+00	0.000000e+00	0.000000e+00	0.000000e+00	3.333333e-06	3.333333e-06	3.333333e-06	2.033333e-04	2.033333e-04	2.033333e-04	5.500000e-04	5.500000e-04	5.500000e-04	6.900000e-04	6.900000e-04	6.900000e-04	7.166667e-04	7.166667e-04	7.166667e-04	6.900000e-04	6.900000e-04	6.900000e-04	4.833333e-04	4.833333e-04	4.833333e-04	2.133333e-04	2.133333e-04	2.133333e-04	0.000000e+00	0.000000e+00	0.000000e+00	0.000000e+00	0.000000e+00	0.000000e+00	0.000000e+00	0.000000e+00	0.000000e+00	0.000000e+00	0.000000e+00	0.000000e+00	0.000000e+00	0.000000e+00	0.000000e+00	0.000000e+00	0.000000e+00	0.000000e+00	0.000000e+00	0.000000e+00	0.000000e+00	0.000000e+00	0.000000e+00	0.000000e+00	0.000000e+00	0.000000e+00	0.000000e+00	0.000000e+00	0.000000e+00	0.000000e+00	0.000000e+00	0.000000e+00	0.000000e+00	0.000000e+00	0.000000e+00	0.000000e+00	0.000000e+00	0.000000e+00	0.000000e+00	1.300000e-04	1.300000e-04	1.300000e-04	3.433333e-04	3.433333e-04	3.433333e-04	5.666667e-04	5.666667e-04	5.666667e-04	6.066667e-04	6.066667e-04	6.066667e-04	7.600000e-04	7.600000e-04	7.600000e-04	6.733333e-04	6.733333e-04	6.733333e-04	5.133333e-04	5.133333e-04	5.133333e-04	3.733333e-04	3.733333e-04	3.733333e-04	1.066667e-04	1.066667e-04	1.066667e-04	0.000000e+00	0.000000e+00	0.000000e+00	0.000000e+00	0.000000e+00	0.000000e+00	0.000000e+00	0.000000e+00	0.000000e+00	0.000000e+00	0.000000e+00	0.000000e+00	0.000000e+00	0.000000e+00	0.000000e+00	0.000000e+00	0.000000e+00	0.000000e+00	0.000000e+00	0.000000e+00	0.000000e+00	0.000000e+00	0.000000e+00	0.000000e+00	0.000000e+00	0.000000e+00	0.000000e+00	0.000000e+00	0.000000e+00	0.000000e+00	0.000000e+00	0.000000e+00	0.000000e+00	0.000000e+00	0.000000e+00	0.000000e+00	0.000000e+00	0.000000e+00	0.000000e+00	0.000000e+00	0.000000e+00	0.000000e+00	0.000000e+00	0.000000e+00	0.000000e+00	1.300000e-04	1.300000e-04	1.300000e-04	3.466667e-04	3.466667e-04	3.466667e-04	5.533333e-04	5.533333e-04	5.533333e-04	6.466667e-04	6.466667e-04	6.466667e-04	6.633333e-04	6.633333e-04	6.633333e-04	6.933333e-04	6.933333e-04	6.933333e-04	5.233333e-04	5.233333e-04	5.233333e-04	4.366667e-04	4.366667e-04	4.366667e-04	1.033333e-04	1.033333e-04	1.033333e-04	0.000000e+00	0.000000e+00	0.000000e+00	0.000000e+00	0.000000e+00	0.000000e+00	0.000000e+00	0.000000e+00	0.000000e+00	0.000000e+00	0.000000e+00	0.000000e+00	0.000000e+00	0.000000e+00	0.000000e+00	0.000000e+00	0.000000e+00	0.000000e+00	0.000000e+00	0.000000e+00	0.000000e+00	0.000000e+00	0.000000e+00	0.000000e+00	0.000000e+00	0.000000e+00	0.000000e+00	0.000000e+00	0.000000e+00	0.000000e+00	0.000000e+00	0.000000e+00	0.000000e+00	0.000000e+00	0.000000e+00	0.000000e+00	0.000000e+00	0.000000e+00	0.000000e+00	0.000000e+00	0.000000e+00	0.000000e+00	0.000000e+00	0.000000e+00	0.000000e+00	1.000000e-04	1.000000e-04	1.000000e-04	3.066667e-04	3.066667e-04	3.066667e-04	4.500000e-04	4.500000e-04	4.500000e-04	6.066667e-04	6.066667e-04	6.066667e-04	6.600000e-04	6.600000e-04	6.600000e-04	5.533333e-04	5.533333e-04	5.533333e-04	4.866667e-04	4.866667e-04	4.866667e-04	3.400000e-04	3.400000e-04	3.400000e-04	9.666667e-05	9.666667e-05	9.666667e-05	0.000000e+00	0.000000e+00	0.000000e+00	0.000000e+00	0.000000e+00	0.000000e+00	0.000000e+00	0.000000e+00	0.000000e+00	0.000000e+00	0.000000e+00	0.000000e+00	0.000000e+00	0.000000e+00	0.000000e+00	0.000000e+00	0.000000e+00	0.000000e+00	0.000000e+00	0.000000e+00	0.000000e+00	0.000000e+00	0.000000e+00	0.000000e+00	0.000000e+00	0.000000e+00	0.000000e+00	0.000000e+00	0.000000e+00	0.000000e+00	0.000000e+00	0.000000e+00	0.000000e+00	0.000000e+00	0.000000e+00	0.000000e+00	0.000000e+00	0.000000e+00	0.000000e+00	0.000000e+00	0.000000e+00	0.000000e+00	3.666667e-05	3.666667e-05	3.666667e-05	3.833333e-04	3.833333e-04	3.833333e-04	5.366667e-04	5.366667e-04	5.366667e-04	6.433333e-04	6.433333e-04	6.433333e-04	5.666667e-04	5.666667e-04	5.666667e-04	3.833333e-04	3.833333e-04	3.833333e-04	3.666667e-05	3.666667e-05	3.666667e-05	0.000000e+00	0.000000e+00	0.000000e+00	0.000000e+00	0.000000e+00	0.000000e+00	0.000000e+00	0.000000e+00	0.000000e+00	0.000000e+00	0.000000e+00	0.000000e+00	0.000000e+00	0.000000e+00	0.000000e+00	0.000000e+00	0.000000e+00	0.000000e+00	0.000000e+00	0.000000e+00	0.000000e+00	0.000000e+00	0.000000e+00	0.000000e+00	0.000000e+00	0.000000e+00	0.000000e+00	9.000000e-05	9.000000e-05	9.000000e-05	3.900000e-04	3.900000e-04	3.900000e-04	5.833333e-04	5.833333e-04	5.833333e-04	3.700000e-04	3.700000e-04	3.700000e-04	9.333333e-05	9.333333e-05	9.333333e-05	0.000000e+00	0.000000e+00	0.000000e+00	0.000000e+00	0.000000e+00	0.000000e+00	0.000000e+00	0.000000e+00	0.000000e+00	0.000000e+00	0.000000e+00	0.000000e+00	0.000000e+00	0.000000e+00	0.000000e+00	0.000000e+00	0.000000e+00	0.000000e+00	
