#?RADIANCE
oconv -f /tmp/tmp7uzkycci/env /tmp/tmp7uzkycci/receiver
rcontrib -fo+ -ab 0 -fda -c 300000 -f klems_full.cal -p RHS=+1 -bn Nkbins -b kbin(0,1,0,0,0,-1) -m rflxglass_60 -y 1
SOFTWARE= RADIANCE 5.2.dd0f8e38a7 NREL 2018-10-09 (based on RADIANCE 5.2 Official Release by LBNL)
CAPDATE= 2021:06:08 17:16:04
GMT= 2021:06:08 17:16:04
NCOMP=3
NROWS=1
NCOLS=145
FORMAT=ascii

3.666667e-05	3.666667e-05	3.666667e-05	4.333333e-05	4.333333e-05	4.333333e-05	5.333333e-04	5.333333e-04	5.333333e-04	6.733333e-04	6.733333e-04	6.733333e-04	5.766667e-04	5.766667e-04	5.766667e-04	3.333333e-05	3.333333e-05	3.333333e-05	0.000000e+00	0.000000e+00	0.000000e+00	0.000000e+00	0.000000e+00	0.000000e+00	0.000000e+00	0.000000e+00	0.000000e+00	3.333333e-05	3.333333e-05	3.333333e-05	4.566667e-04	4.566667e-04	4.566667e-04	6.100000e-04	6.100000e-04	6.100000e-04	6.900000e-04	6.900000e-04	6.900000e-04	7.100000e-04	7.100000e-04	7.100000e-04	7.100000e-04	7.100000e-04	7.100000e-04	6.366667e-04	6.366667e-04	6.366667e-04	3.966667e-04	3.966667e-04	3.966667e-04	2.666667e-05	2.666667e-05	2.666667e-05	0.000000e+00	0.000000e+00	0.000000e+00	0.000000e+00	0.000000e+00	0.000000e+00	0.000000e+00	0.000000e+00	0.000000e+00	0.000000e+00	0.000000e+00	0.000000e+00	0.000000e+00	0.000000e+00	0.000000e+00	0.000000e+00	0.000000e+00	0.000000e+00	0.000000e+00	0.000000e+00	0.000000e+00	2.000000e-05	2.000000e-05	2.000000e-05	4.500000e-04	4.500000e-04	4.500000e-04	6.700000e-04	6.700000e-04	6.700000e-04	6.766667e-04	6.766667e-04	6.766667e-04	7.033333e-04	7.033333e-04	7.033333e-04	7.366667e-04	7.366667e-04	7.366667e-04	7.700000e-04	7.700000e-04	7.700000e-04	7.500000e-04	7.500000e-04	7.500000e-04	6.333333e-04	6.333333e-04	6.333333e-04	4.433333e-04	4.433333e-04	4.433333e-04	2.333333e-05	2.333333e-05	2.333333e-05	0.000000e+00	0.000000e+00	0.000000e+00	0.000000e+00	0.000000e+00	0.000000e+00	0.000000e+00	0.000000e+00	0.000000e+00	0.000000e+00	0.000000e+00	0.000000e+00	0.000000e+00	0.000000e+00	0.000000e+00	0.000000e+00	0.000000e+00	0.000000e+00	0.000000e+00	0.000000e+00	0.000000e+00	0.000000e+00	0.000000e+00	0.000000e+00	0.000000e+00	0.000000e+00	0.000000e+00	1.000000e-05	1.000000e-05	1.000000e-05	3.400000e-04	3.400000e-04	3.400000e-04	5.600000e-04	5.600000e-04	5.600000e-04	6.433333e-04	6.433333e-04	6.433333e-04	7.300000e-04	7.300000e-04	7.300000e-04	6.466667e-04	6.466667e-04	6.466667e-04	7.566667e-04	7.566667e-04	7.566667e-04	6.766667e-04	6.766667e-04	6.766667e-04	7.233333e-04	7.233333e-04	7.233333e-04	6.333333e-04	6.333333e-04	6.333333e-04	6.166667e-04	6.166667e-04	6.166667e-04	3.733333e-04	3.733333e-04	3.733333e-04	3.000000e-05	3.000000e-05	3.000000e-05	0.000000e+00	0.000000e+00	0.000000e+00	0.000000e+00	0.000000e+00	0.000000e+00	0.000000e+00	0.000000e+00	0.000000e+00	0.000000e+00	0.000000e+00	0.000000e+00	0.000000e+00	0.000000e+00	0.000000e+00	0.000000e+00	0.000000e+00	0.000000e+00	0.000000e+00	0.000000e+00	0.000000e+00	0.000000e+00	0.000000e+00	0.000000e+00	0.000000e+00	0.000000e+00	0.000000e+00	0.000000e+00	0.000000e+00	0.000000e+00	0.000000e+00	0.000000e+00	0.000000e+00	2.666667e-05	2.666667e-05	2.666667e-05	3.833333e-04	3.833333e-04	3.833333e-04	5.500000e-04	5.500000e-04	5.500000e-04	7.600000e-04	7.600000e-04	7.600000e-04	7.200000e-04	7.200000e-04	7.200000e-04	7.166667e-04	7.166667e-04	7.166667e-04	7.466667e-04	7.466667e-04	7.466667e-04	6.766667e-04	6.766667e-04	6.766667e-04	6.766667e-04	6.766667e-04	6.766667e-04	6.833333e-04	6.833333e-04	6.833333e-04	5.700000e-04	5.700000e-04	5.700000e-04	3.633333e-04	3.633333e-04	3.633333e-04	1.333333e-05	1.333333e-05	1.333333e-05	0.000000e+00	0.000000e+00	0.000000e+00	0.000000e+00	0.000000e+00	0.000000e+00	0.000000e+00	0.000000e+00	0.000000e+00	0.000000e+00	0.000000e+00	0.000000e+00	0.000000e+00	0.000000e+00	0.000000e+00	0.000000e+00	0.000000e+00	0.000000e+00	0.000000e+00	0.000000e+00	0.000000e+00	0.000000e+00	0.000000e+00	0.000000e+00	0.000000e+00	0.000000e+00	0.000000e+00	0.000000e+00	0.000000e+00	0.000000e+00	0.000000e+00	0.000000e+00	0.000000e+00	1.666667e-05	1.666667e-05	1.666667e-05	2.866667e-04	2.866667e-04	2.866667e-04	5.033333e-04	5.033333e-04	5.033333e-04	5.300000e-04	5.300000e-04	5.300000e-04	6.266667e-04	6.266667e-04	6.266667e-04	6.600000e-04	6.600000e-04	6.600000e-04	6.500000e-04	6.500000e-04	6.500000e-04	6.100000e-04	6.100000e-04	6.100000e-04	5.866667e-04	5.866667e-04	5.866667e-04	5.400000e-04	5.400000e-04	5.400000e-04	5.233333e-04	5.233333e-04	5.233333e-04	2.733333e-04	2.733333e-04	2.733333e-04	1.666667e-05	1.666667e-05	1.666667e-05	0.000000e+00	0.000000e+00	0.000000e+00	0.000000e+00	0.000000e+00	0.000000e+00	0.000000e+00	0.000000e+00	0.000000e+00	0.000000e+00	0.000000e+00	0.000000e+00	0.000000e+00	0.000000e+00	0.000000e+00	0.000000e+00	0.000000e+00	0.000000e+00	0.000000e+00	0.000000e+00	0.000000e+00	0.000000e+00	0.000000e+00	0.000000e+00	0.000000e+00	0.000000e+00	0.000000e+00	0.000000e+00	0.000000e+00	0.000000e+00	0.000000e+00	0.000000e+00	0.000000e+00	4.666667e-05	4.666667e-05	4.666667e-05	5.133333e-04	5.133333e-04	5.133333e-04	6.233333e-04	6.233333e-04	6.233333e-04	6.866667e-04	6.866667e-04	6.866667e-04	7.000000e-04	7.000000e-04	7.000000e-04	7.233333e-04	7.233333e-04	7.233333e-04	7.000000e-04	7.000000e-04	7.000000e-04	4.933333e-04	4.933333e-04	4.933333e-04	2.333333e-05	2.333333e-05	2.333333e-05	0.000000e+00	0.000000e+00	0.000000e+00	0.000000e+00	0.000000e+00	0.000000e+00	0.000000e+00	0.000000e+00	0.000000e+00	0.000000e+00	0.000000e+00	0.000000e+00	0.000000e+00	0.000000e+00	0.000000e+00	0.000000e+00	0.000000e+00	0.000000e+00	0.000000e+00	0.000000e+00	0.000000e+00	5.333333e-05	5.333333e-05	5.333333e-05	4.500000e-04	4.500000e-04	4.500000e-04	5.400000e-04	5.400000e-04	5.400000e-04	5.500000e-04	5.500000e-04	5.500000e-04	5.533333e-04	5.533333e-04	5.533333e-04	4.566667e-04	4.566667e-04	4.566667e-04	6.000000e-05	6.000000e-05	6.000000e-05	0.000000e+00	0.000000e+00	0.000000e+00	0.000000e+00	0.000000e+00	0.000000e+00	0.000000e+00	0.000000e+00	0.000000e+00	0.000000e+00	0.000000e+00	0.000000e+00	0.000000e+00	0.000000e+00	0.000000e+00	
