#?RADIANCE
oconv -f /var/folders/x5/c3gzxq1n6lg_80xpj0gmm7440000gn/T/tmpj1quv8v4/env /var/folders/x5/c3gzxq1n6lg_80xpj0gmm7440000gn/T/tmpj1quv8v4/receiver
rcontrib -fo+ -ab 0 -fda -c 300000 -f klems_full.cal -p RHS=+1 -bn Nkbins -b kbin(0,1,0,0,0,-1) -m rflxglass_60 -y 1
SOFTWARE= RADIANCE 5.4a lastmod Fri Apr  9 13:53:20 PDT 2021 by root on tofupeel.local
CAPDATE= 2021:04:14 17:53:34
GMT= 2021:04:15 00:53:34
NCOMP=3
NROWS=1
NCOLS=145
FORMAT=ascii

2.000000e-05	2.000000e-05	2.000000e-05	6.400000e-04	6.400000e-04	6.400000e-04	4.333333e-04	4.333333e-04	4.333333e-04	2.333333e-05	2.333333e-05	2.333333e-05	0.000000e+00	0.000000e+00	0.000000e+00	0.000000e+00	0.000000e+00	0.000000e+00	0.000000e+00	0.000000e+00	0.000000e+00	1.333333e-05	1.333333e-05	1.333333e-05	3.400000e-04	3.400000e-04	3.400000e-04	1.346667e-03	1.346667e-03	1.346667e-03	1.293333e-03	1.293333e-03	1.293333e-03	9.300000e-04	9.300000e-04	9.300000e-04	3.800000e-04	3.800000e-04	3.800000e-04	1.000000e-05	1.000000e-05	1.000000e-05	0.000000e+00	0.000000e+00	0.000000e+00	0.000000e+00	0.000000e+00	0.000000e+00	0.000000e+00	0.000000e+00	0.000000e+00	0.000000e+00	0.000000e+00	0.000000e+00	0.000000e+00	0.000000e+00	0.000000e+00	0.000000e+00	0.000000e+00	0.000000e+00	0.000000e+00	0.000000e+00	0.000000e+00	0.000000e+00	0.000000e+00	0.000000e+00	1.800000e-04	1.800000e-04	1.800000e-04	5.733333e-04	5.733333e-04	5.733333e-04	1.063333e-03	1.063333e-03	1.063333e-03	2.343333e-03	2.343333e-03	2.343333e-03	2.273333e-03	2.273333e-03	2.273333e-03	1.840000e-03	1.840000e-03	1.840000e-03	1.143333e-03	1.143333e-03	1.143333e-03	3.866667e-04	3.866667e-04	3.866667e-04	1.666667e-05	1.666667e-05	1.666667e-05	0.000000e+00	0.000000e+00	0.000000e+00	0.000000e+00	0.000000e+00	0.000000e+00	0.000000e+00	0.000000e+00	0.000000e+00	0.000000e+00	0.000000e+00	0.000000e+00	0.000000e+00	0.000000e+00	0.000000e+00	0.000000e+00	0.000000e+00	0.000000e+00	0.000000e+00	0.000000e+00	0.000000e+00	0.000000e+00	0.000000e+00	0.000000e+00	0.000000e+00	0.000000e+00	0.000000e+00	6.666667e-06	6.666667e-06	6.666667e-06	1.633333e-04	1.633333e-04	1.633333e-04	5.233333e-04	5.233333e-04	5.233333e-04	1.073333e-03	1.073333e-03	1.073333e-03	1.806667e-03	1.806667e-03	1.806667e-03	2.616667e-03	2.616667e-03	2.616667e-03	2.700000e-03	2.700000e-03	2.700000e-03	2.413333e-03	2.413333e-03	2.413333e-03	1.580000e-03	1.580000e-03	1.580000e-03	9.033333e-04	9.033333e-04	9.033333e-04	3.066667e-04	3.066667e-04	3.066667e-04	3.333333e-06	3.333333e-06	3.333333e-06	0.000000e+00	0.000000e+00	0.000000e+00	0.000000e+00	0.000000e+00	0.000000e+00	0.000000e+00	0.000000e+00	0.000000e+00	0.000000e+00	0.000000e+00	0.000000e+00	0.000000e+00	0.000000e+00	0.000000e+00	0.000000e+00	0.000000e+00	0.000000e+00	0.000000e+00	0.000000e+00	0.000000e+00	0.000000e+00	0.000000e+00	0.000000e+00	0.000000e+00	0.000000e+00	0.000000e+00	0.000000e+00	0.000000e+00	0.000000e+00	0.000000e+00	0.000000e+00	0.000000e+00	0.000000e+00	0.000000e+00	0.000000e+00	9.666667e-05	9.666667e-05	9.666667e-05	3.200000e-04	3.200000e-04	3.200000e-04	7.033333e-04	7.033333e-04	7.033333e-04	1.260000e-03	1.260000e-03	1.260000e-03	2.053333e-03	2.053333e-03	2.053333e-03	2.573333e-03	2.573333e-03	2.573333e-03	2.650000e-03	2.650000e-03	2.650000e-03	2.483333e-03	2.483333e-03	2.483333e-03	1.650000e-03	1.650000e-03	1.650000e-03	9.033333e-04	9.033333e-04	9.033333e-04	2.900000e-04	2.900000e-04	2.900000e-04	3.333333e-06	3.333333e-06	3.333333e-06	0.000000e+00	0.000000e+00	0.000000e+00	0.000000e+00	0.000000e+00	0.000000e+00	0.000000e+00	0.000000e+00	0.000000e+00	0.000000e+00	0.000000e+00	0.000000e+00	0.000000e+00	0.000000e+00	0.000000e+00	0.000000e+00	0.000000e+00	0.000000e+00	0.000000e+00	0.000000e+00	0.000000e+00	0.000000e+00	0.000000e+00	0.000000e+00	0.000000e+00	0.000000e+00	0.000000e+00	0.000000e+00	0.000000e+00	0.000000e+00	0.000000e+00	0.000000e+00	0.000000e+00	0.000000e+00	0.000000e+00	0.000000e+00	9.333333e-05	9.333333e-05	9.333333e-05	2.933333e-04	2.933333e-04	2.933333e-04	7.300000e-04	7.300000e-04	7.300000e-04	1.393333e-03	1.393333e-03	1.393333e-03	2.030000e-03	2.030000e-03	2.030000e-03	2.243333e-03	2.243333e-03	2.243333e-03	2.386667e-03	2.386667e-03	2.386667e-03	2.063333e-03	2.063333e-03	2.063333e-03	1.386667e-03	1.386667e-03	1.386667e-03	8.166667e-04	8.166667e-04	8.166667e-04	2.666667e-04	2.666667e-04	2.666667e-04	6.666667e-06	6.666667e-06	6.666667e-06	0.000000e+00	0.000000e+00	0.000000e+00	0.000000e+00	0.000000e+00	0.000000e+00	0.000000e+00	0.000000e+00	0.000000e+00	0.000000e+00	0.000000e+00	0.000000e+00	0.000000e+00	0.000000e+00	0.000000e+00	0.000000e+00	0.000000e+00	0.000000e+00	0.000000e+00	0.000000e+00	0.000000e+00	0.000000e+00	0.000000e+00	0.000000e+00	0.000000e+00	0.000000e+00	0.000000e+00	0.000000e+00	0.000000e+00	0.000000e+00	0.000000e+00	0.000000e+00	0.000000e+00	0.000000e+00	0.000000e+00	0.000000e+00	1.033333e-04	1.033333e-04	1.033333e-04	2.933333e-04	2.933333e-04	2.933333e-04	6.700000e-04	6.700000e-04	6.700000e-04	1.166667e-03	1.166667e-03	1.166667e-03	1.810000e-03	1.810000e-03	1.810000e-03	2.400000e-03	2.400000e-03	2.400000e-03	2.480000e-03	2.480000e-03	2.480000e-03	1.683333e-03	1.683333e-03	1.683333e-03	5.766667e-04	5.766667e-04	5.766667e-04	2.333333e-05	2.333333e-05	2.333333e-05	0.000000e+00	0.000000e+00	0.000000e+00	0.000000e+00	0.000000e+00	0.000000e+00	0.000000e+00	0.000000e+00	0.000000e+00	0.000000e+00	0.000000e+00	0.000000e+00	0.000000e+00	0.000000e+00	0.000000e+00	0.000000e+00	0.000000e+00	0.000000e+00	0.000000e+00	0.000000e+00	0.000000e+00	3.333333e-06	3.333333e-06	3.333333e-06	1.966667e-04	1.966667e-04	1.966667e-04	6.466667e-04	6.466667e-04	6.466667e-04	1.660000e-03	1.660000e-03	1.660000e-03	1.910000e-03	1.910000e-03	1.910000e-03	1.826667e-03	1.826667e-03	1.826667e-03	7.233333e-04	7.233333e-04	7.233333e-04	4.333333e-05	4.333333e-05	4.333333e-05	0.000000e+00	0.000000e+00	0.000000e+00	0.000000e+00	0.000000e+00	0.000000e+00	0.000000e+00	0.000000e+00	0.000000e+00	0.000000e+00	0.000000e+00	0.000000e+00	0.000000e+00	0.000000e+00	0.000000e+00	1.333333e-05	1.333333e-05	1.333333e-05	3.200000e-04	3.200000e-04	3.200000e-04	1.093333e-03	1.093333e-03	1.093333e-03	
