#?RADIANCE
oconv -f /tmp/tmpot1ykhxf/env /tmp/receivereq_mpy1i
rcontrib -fo+ -ab 0 -fda -c 300000 -f klems_full.cal -p RHS=+1 -bn Nkbins -b kbin(0,1,0,0,0,1) -m rfluxsrfglass_80 -y 1
SOFTWARE= RADIANCE 5.2.dd0f8e38a7 NREL 2018-10-09 (based on RADIANCE 5.2 Official Release by LBNL)
CAPDATE= 2020:09:12 16:42:50
GMT= 2020:09:12 23:42:50
NCOMP=3
NROWS=1
NCOLS=145
FORMAT=ascii

3.333333e-06	3.333333e-06	3.333333e-06	0.000000e+00	0.000000e+00	0.000000e+00	0.000000e+00	0.000000e+00	0.000000e+00	2.333333e-05	2.333333e-05	2.333333e-05	2.100000e-04	2.100000e-04	2.100000e-04	3.400000e-04	3.400000e-04	3.400000e-04	2.300000e-04	2.300000e-04	2.300000e-04	1.000000e-05	1.000000e-05	1.000000e-05	0.000000e+00	0.000000e+00	0.000000e+00	0.000000e+00	0.000000e+00	0.000000e+00	0.000000e+00	0.000000e+00	0.000000e+00	0.000000e+00	0.000000e+00	0.000000e+00	0.000000e+00	0.000000e+00	0.000000e+00	1.000000e-05	1.000000e-05	1.000000e-05	1.666667e-04	1.666667e-04	1.666667e-04	4.100000e-04	4.100000e-04	4.100000e-04	7.200000e-04	7.200000e-04	7.200000e-04	6.966667e-04	6.966667e-04	6.966667e-04	6.466667e-04	6.466667e-04	6.466667e-04	4.233333e-04	4.233333e-04	4.233333e-04	1.866667e-04	1.866667e-04	1.866667e-04	0.000000e+00	0.000000e+00	0.000000e+00	0.000000e+00	0.000000e+00	0.000000e+00	0.000000e+00	0.000000e+00	0.000000e+00	0.000000e+00	0.000000e+00	0.000000e+00	0.000000e+00	0.000000e+00	0.000000e+00	0.000000e+00	0.000000e+00	0.000000e+00	0.000000e+00	0.000000e+00	0.000000e+00	0.000000e+00	0.000000e+00	0.000000e+00	0.000000e+00	0.000000e+00	0.000000e+00	0.000000e+00	0.000000e+00	0.000000e+00	1.166667e-04	1.166667e-04	1.166667e-04	4.266667e-04	4.266667e-04	4.266667e-04	7.933333e-04	7.933333e-04	7.933333e-04	1.173333e-03	1.173333e-03	1.173333e-03	1.293333e-03	1.293333e-03	1.293333e-03	1.133333e-03	1.133333e-03	1.133333e-03	8.933333e-04	8.933333e-04	8.933333e-04	4.566667e-04	4.566667e-04	4.566667e-04	1.366667e-04	1.366667e-04	1.366667e-04	3.333333e-06	3.333333e-06	3.333333e-06	0.000000e+00	0.000000e+00	0.000000e+00	0.000000e+00	0.000000e+00	0.000000e+00	0.000000e+00	0.000000e+00	0.000000e+00	0.000000e+00	0.000000e+00	0.000000e+00	0.000000e+00	0.000000e+00	0.000000e+00	0.000000e+00	0.000000e+00	0.000000e+00	0.000000e+00	0.000000e+00	0.000000e+00	0.000000e+00	0.000000e+00	0.000000e+00	0.000000e+00	0.000000e+00	0.000000e+00	0.000000e+00	0.000000e+00	0.000000e+00	0.000000e+00	0.000000e+00	0.000000e+00	8.000000e-05	8.000000e-05	8.000000e-05	2.900000e-04	2.900000e-04	2.900000e-04	6.000000e-04	6.000000e-04	6.000000e-04	1.063333e-03	1.063333e-03	1.063333e-03	1.286667e-03	1.286667e-03	1.286667e-03	1.400000e-03	1.400000e-03	1.400000e-03	1.340000e-03	1.340000e-03	1.340000e-03	1.070000e-03	1.070000e-03	1.070000e-03	5.966667e-04	5.966667e-04	5.966667e-04	3.433333e-04	3.433333e-04	3.433333e-04	9.666667e-05	9.666667e-05	9.666667e-05	0.000000e+00	0.000000e+00	0.000000e+00	0.000000e+00	0.000000e+00	0.000000e+00	0.000000e+00	0.000000e+00	0.000000e+00	0.000000e+00	0.000000e+00	0.000000e+00	0.000000e+00	0.000000e+00	0.000000e+00	0.000000e+00	0.000000e+00	0.000000e+00	0.000000e+00	0.000000e+00	0.000000e+00	0.000000e+00	0.000000e+00	0.000000e+00	0.000000e+00	0.000000e+00	0.000000e+00	0.000000e+00	0.000000e+00	0.000000e+00	0.000000e+00	0.000000e+00	0.000000e+00	0.000000e+00	0.000000e+00	0.000000e+00	0.000000e+00	0.000000e+00	0.000000e+00	6.333333e-05	6.333333e-05	6.333333e-05	2.766667e-04	2.766667e-04	2.766667e-04	6.000000e-04	6.000000e-04	6.000000e-04	1.050000e-03	1.050000e-03	1.050000e-03	1.280000e-03	1.280000e-03	1.280000e-03	1.303333e-03	1.303333e-03	1.303333e-03	1.280000e-03	1.280000e-03	1.280000e-03	1.086667e-03	1.086667e-03	1.086667e-03	6.600000e-04	6.600000e-04	6.600000e-04	3.000000e-04	3.000000e-04	3.000000e-04	9.000000e-05	9.000000e-05	9.000000e-05	0.000000e+00	0.000000e+00	0.000000e+00	0.000000e+00	0.000000e+00	0.000000e+00	0.000000e+00	0.000000e+00	0.000000e+00	0.000000e+00	0.000000e+00	0.000000e+00	0.000000e+00	0.000000e+00	0.000000e+00	0.000000e+00	0.000000e+00	0.000000e+00	0.000000e+00	0.000000e+00	0.000000e+00	0.000000e+00	0.000000e+00	0.000000e+00	0.000000e+00	0.000000e+00	0.000000e+00	0.000000e+00	0.000000e+00	0.000000e+00	0.000000e+00	0.000000e+00	0.000000e+00	0.000000e+00	0.000000e+00	0.000000e+00	0.000000e+00	0.000000e+00	0.000000e+00	6.000000e-05	6.000000e-05	6.000000e-05	2.100000e-04	2.100000e-04	2.100000e-04	5.300000e-04	5.300000e-04	5.300000e-04	9.366667e-04	9.366667e-04	9.366667e-04	1.133333e-03	1.133333e-03	1.133333e-03	1.096667e-03	1.096667e-03	1.096667e-03	1.203333e-03	1.203333e-03	1.203333e-03	9.666667e-04	9.666667e-04	9.666667e-04	4.866667e-04	4.866667e-04	4.866667e-04	2.966667e-04	2.966667e-04	2.966667e-04	7.666667e-05	7.666667e-05	7.666667e-05	0.000000e+00	0.000000e+00	0.000000e+00	0.000000e+00	0.000000e+00	0.000000e+00	0.000000e+00	0.000000e+00	0.000000e+00	0.000000e+00	0.000000e+00	0.000000e+00	0.000000e+00	0.000000e+00	0.000000e+00	0.000000e+00	0.000000e+00	0.000000e+00	0.000000e+00	0.000000e+00	0.000000e+00	0.000000e+00	0.000000e+00	0.000000e+00	0.000000e+00	0.000000e+00	0.000000e+00	0.000000e+00	0.000000e+00	0.000000e+00	6.666667e-06	6.666667e-06	6.666667e-06	2.033333e-04	2.033333e-04	2.033333e-04	5.233333e-04	5.233333e-04	5.233333e-04	1.170000e-03	1.170000e-03	1.170000e-03	1.323333e-03	1.323333e-03	1.323333e-03	1.213333e-03	1.213333e-03	1.213333e-03	6.366667e-04	6.366667e-04	6.366667e-04	1.966667e-04	1.966667e-04	1.966667e-04	1.000000e-05	1.000000e-05	1.000000e-05	0.000000e+00	0.000000e+00	0.000000e+00	0.000000e+00	0.000000e+00	0.000000e+00	0.000000e+00	0.000000e+00	0.000000e+00	0.000000e+00	0.000000e+00	0.000000e+00	0.000000e+00	0.000000e+00	0.000000e+00	0.000000e+00	0.000000e+00	0.000000e+00	6.666667e-06	6.666667e-06	6.666667e-06	2.266667e-04	2.266667e-04	2.266667e-04	7.966667e-04	7.966667e-04	7.966667e-04	9.833333e-04	9.833333e-04	9.833333e-04	7.233333e-04	7.233333e-04	7.233333e-04	2.833333e-04	2.833333e-04	2.833333e-04	1.000000e-05	1.000000e-05	1.000000e-05	0.000000e+00	0.000000e+00	0.000000e+00	0.000000e+00	0.000000e+00	0.000000e+00	
