#?RADIANCE
oconv -f /tmp/tmpykdsozr8/env /tmp/tmpykdsozr8/receiver
rcontrib -fo+ -ab 0 -fda -c 300000 -f klems_full.cal -p RHS=+1 -bn Nkbins -b kbin(0,1,0,0,0,-1) -m rflxglass_60 -y 1
SOFTWARE= RADIANCE 5.2.dd0f8e38a7 NREL 2018-10-09 (based on RADIANCE 5.2 Official Release by LBNL)
CAPDATE= 2021:06:08 17:28:32
GMT= 2021:06:08 17:28:32
NCOMP=3
NROWS=1
NCOLS=145
FORMAT=ascii

0.000000e+00	0.000000e+00	0.000000e+00	0.000000e+00	0.000000e+00	0.000000e+00	0.000000e+00	0.000000e+00	0.000000e+00	3.666667e-05	3.666667e-05	3.666667e-05	0.000000e+00	0.000000e+00	0.000000e+00	0.000000e+00	0.000000e+00	0.000000e+00	0.000000e+00	0.000000e+00	0.000000e+00	0.000000e+00	0.000000e+00	0.000000e+00	0.000000e+00	0.000000e+00	0.000000e+00	0.000000e+00	0.000000e+00	0.000000e+00	0.000000e+00	0.000000e+00	0.000000e+00	1.733333e-04	1.733333e-04	1.733333e-04	5.966667e-04	5.966667e-04	5.966667e-04	8.633333e-04	8.633333e-04	8.633333e-04	6.333333e-04	6.333333e-04	6.333333e-04	1.766667e-04	1.766667e-04	1.766667e-04	0.000000e+00	0.000000e+00	0.000000e+00	0.000000e+00	0.000000e+00	0.000000e+00	0.000000e+00	0.000000e+00	0.000000e+00	0.000000e+00	0.000000e+00	0.000000e+00	0.000000e+00	0.000000e+00	0.000000e+00	0.000000e+00	0.000000e+00	0.000000e+00	0.000000e+00	0.000000e+00	0.000000e+00	0.000000e+00	0.000000e+00	0.000000e+00	0.000000e+00	0.000000e+00	0.000000e+00	0.000000e+00	0.000000e+00	0.000000e+00	1.000000e-05	1.000000e-05	1.000000e-05	3.433333e-04	3.433333e-04	3.433333e-04	8.533333e-04	8.533333e-04	8.533333e-04	1.096667e-03	1.096667e-03	1.096667e-03	1.240000e-03	1.240000e-03	1.240000e-03	1.120000e-03	1.120000e-03	1.120000e-03	8.300000e-04	8.300000e-04	8.300000e-04	3.333333e-04	3.333333e-04	3.333333e-04	1.000000e-05	1.000000e-05	1.000000e-05	0.000000e+00	0.000000e+00	0.000000e+00	0.000000e+00	0.000000e+00	0.000000e+00	0.000000e+00	0.000000e+00	0.000000e+00	0.000000e+00	0.000000e+00	0.000000e+00	0.000000e+00	0.000000e+00	0.000000e+00	0.000000e+00	0.000000e+00	0.000000e+00	0.000000e+00	0.000000e+00	0.000000e+00	0.000000e+00	0.000000e+00	0.000000e+00	0.000000e+00	0.000000e+00	0.000000e+00	0.000000e+00	0.000000e+00	0.000000e+00	0.000000e+00	0.000000e+00	0.000000e+00	6.666667e-06	6.666667e-06	6.666667e-06	2.166667e-04	2.166667e-04	2.166667e-04	5.933333e-04	5.933333e-04	5.933333e-04	9.600000e-04	9.600000e-04	9.600000e-04	1.060000e-03	1.060000e-03	1.060000e-03	1.230000e-03	1.230000e-03	1.230000e-03	1.123333e-03	1.123333e-03	1.123333e-03	8.533333e-04	8.533333e-04	8.533333e-04	6.566667e-04	6.566667e-04	6.566667e-04	2.166667e-04	2.166667e-04	2.166667e-04	3.333333e-06	3.333333e-06	3.333333e-06	0.000000e+00	0.000000e+00	0.000000e+00	0.000000e+00	0.000000e+00	0.000000e+00	0.000000e+00	0.000000e+00	0.000000e+00	0.000000e+00	0.000000e+00	0.000000e+00	0.000000e+00	0.000000e+00	0.000000e+00	0.000000e+00	0.000000e+00	0.000000e+00	0.000000e+00	0.000000e+00	0.000000e+00	0.000000e+00	0.000000e+00	0.000000e+00	0.000000e+00	0.000000e+00	0.000000e+00	0.000000e+00	0.000000e+00	0.000000e+00	0.000000e+00	0.000000e+00	0.000000e+00	0.000000e+00	0.000000e+00	0.000000e+00	0.000000e+00	0.000000e+00	0.000000e+00	3.333333e-06	3.333333e-06	3.333333e-06	2.300000e-04	2.300000e-04	2.300000e-04	6.233333e-04	6.233333e-04	6.233333e-04	9.133333e-04	9.133333e-04	9.133333e-04	1.100000e-03	1.100000e-03	1.100000e-03	1.186667e-03	1.186667e-03	1.186667e-03	1.066667e-03	1.066667e-03	1.066667e-03	8.833333e-04	8.833333e-04	8.833333e-04	6.600000e-04	6.600000e-04	6.600000e-04	1.733333e-04	1.733333e-04	1.733333e-04	1.000000e-05	1.000000e-05	1.000000e-05	0.000000e+00	0.000000e+00	0.000000e+00	0.000000e+00	0.000000e+00	0.000000e+00	0.000000e+00	0.000000e+00	0.000000e+00	0.000000e+00	0.000000e+00	0.000000e+00	0.000000e+00	0.000000e+00	0.000000e+00	0.000000e+00	0.000000e+00	0.000000e+00	0.000000e+00	0.000000e+00	0.000000e+00	0.000000e+00	0.000000e+00	0.000000e+00	0.000000e+00	0.000000e+00	0.000000e+00	0.000000e+00	0.000000e+00	0.000000e+00	0.000000e+00	0.000000e+00	0.000000e+00	0.000000e+00	0.000000e+00	0.000000e+00	0.000000e+00	0.000000e+00	0.000000e+00	6.666667e-06	6.666667e-06	6.666667e-06	1.733333e-04	1.733333e-04	1.733333e-04	5.100000e-04	5.100000e-04	5.100000e-04	7.566667e-04	7.566667e-04	7.566667e-04	9.866667e-04	9.866667e-04	9.866667e-04	1.053333e-03	1.053333e-03	1.053333e-03	9.800000e-04	9.800000e-04	9.800000e-04	8.066667e-04	8.066667e-04	8.066667e-04	5.400000e-04	5.400000e-04	5.400000e-04	2.000000e-04	2.000000e-04	2.000000e-04	0.000000e+00	0.000000e+00	0.000000e+00	0.000000e+00	0.000000e+00	0.000000e+00	0.000000e+00	0.000000e+00	0.000000e+00	0.000000e+00	0.000000e+00	0.000000e+00	0.000000e+00	0.000000e+00	0.000000e+00	0.000000e+00	0.000000e+00	0.000000e+00	0.000000e+00	0.000000e+00	0.000000e+00	0.000000e+00	0.000000e+00	0.000000e+00	0.000000e+00	0.000000e+00	0.000000e+00	0.000000e+00	0.000000e+00	0.000000e+00	0.000000e+00	0.000000e+00	0.000000e+00	0.000000e+00	0.000000e+00	0.000000e+00	0.000000e+00	0.000000e+00	0.000000e+00	0.000000e+00	0.000000e+00	0.000000e+00	7.333333e-05	7.333333e-05	7.333333e-05	5.666667e-04	5.666667e-04	5.666667e-04	8.966667e-04	8.966667e-04	8.966667e-04	1.146667e-03	1.146667e-03	1.146667e-03	9.433333e-04	9.433333e-04	9.433333e-04	5.933333e-04	5.933333e-04	5.933333e-04	7.000000e-05	7.000000e-05	7.000000e-05	0.000000e+00	0.000000e+00	0.000000e+00	0.000000e+00	0.000000e+00	0.000000e+00	0.000000e+00	0.000000e+00	0.000000e+00	0.000000e+00	0.000000e+00	0.000000e+00	0.000000e+00	0.000000e+00	0.000000e+00	0.000000e+00	0.000000e+00	0.000000e+00	0.000000e+00	0.000000e+00	0.000000e+00	0.000000e+00	0.000000e+00	0.000000e+00	0.000000e+00	0.000000e+00	0.000000e+00	1.933333e-04	1.933333e-04	1.933333e-04	6.866667e-04	6.866667e-04	6.866667e-04	9.466667e-04	9.466667e-04	9.466667e-04	6.733333e-04	6.733333e-04	6.733333e-04	1.800000e-04	1.800000e-04	1.800000e-04	0.000000e+00	0.000000e+00	0.000000e+00	0.000000e+00	0.000000e+00	0.000000e+00	0.000000e+00	0.000000e+00	0.000000e+00	0.000000e+00	0.000000e+00	0.000000e+00	0.000000e+00	0.000000e+00	0.000000e+00	0.000000e+00	0.000000e+00	0.000000e+00	
