#?RADIANCE
oconv -f /tmp/tmpqyccrygv/env /tmp/tmpqyccrygv/receiver
rcontrib -fo+ -ab 0 -fda -c 300000 -f klems_full.cal -p RHS=+1 -bn Nkbins -b kbin(0,1,0,0,0,-1) -m rflxglass_60 -y 1
SOFTWARE= RADIANCE 5.2.dd0f8e38a7 NREL 2018-10-09 (based on RADIANCE 5.2 Official Release by LBNL)
CAPDATE= 2021:06:08 17:28:32
GMT= 2021:06:08 17:28:32
NCOMP=3
NROWS=1
NCOLS=145
FORMAT=ascii

0.000000e+00	0.000000e+00	0.000000e+00	0.000000e+00	0.000000e+00	0.000000e+00	0.000000e+00	0.000000e+00	0.000000e+00	0.000000e+00	0.000000e+00	0.000000e+00	0.000000e+00	0.000000e+00	0.000000e+00	0.000000e+00	0.000000e+00	0.000000e+00	1.666667e-05	1.666667e-05	1.666667e-05	1.200000e-04	1.200000e-04	1.200000e-04	1.000000e-05	1.000000e-05	1.000000e-05	0.000000e+00	0.000000e+00	0.000000e+00	0.000000e+00	0.000000e+00	0.000000e+00	0.000000e+00	0.000000e+00	0.000000e+00	0.000000e+00	0.000000e+00	0.000000e+00	0.000000e+00	0.000000e+00	0.000000e+00	0.000000e+00	0.000000e+00	0.000000e+00	0.000000e+00	0.000000e+00	0.000000e+00	0.000000e+00	0.000000e+00	0.000000e+00	0.000000e+00	0.000000e+00	0.000000e+00	1.333333e-05	1.333333e-05	1.333333e-05	2.300000e-04	2.300000e-04	2.300000e-04	7.400000e-04	7.400000e-04	7.400000e-04	1.003333e-03	1.003333e-03	1.003333e-03	7.133333e-04	7.133333e-04	7.133333e-04	2.566667e-04	2.566667e-04	2.566667e-04	3.333333e-06	3.333333e-06	3.333333e-06	0.000000e+00	0.000000e+00	0.000000e+00	0.000000e+00	0.000000e+00	0.000000e+00	0.000000e+00	0.000000e+00	0.000000e+00	0.000000e+00	0.000000e+00	0.000000e+00	0.000000e+00	0.000000e+00	0.000000e+00	0.000000e+00	0.000000e+00	0.000000e+00	0.000000e+00	0.000000e+00	0.000000e+00	0.000000e+00	0.000000e+00	0.000000e+00	0.000000e+00	0.000000e+00	0.000000e+00	0.000000e+00	0.000000e+00	0.000000e+00	0.000000e+00	0.000000e+00	0.000000e+00	1.000000e-05	1.000000e-05	1.000000e-05	4.433333e-04	4.433333e-04	4.433333e-04	8.533333e-04	8.533333e-04	8.533333e-04	1.090000e-03	1.090000e-03	1.090000e-03	1.246667e-03	1.246667e-03	1.246667e-03	1.146667e-03	1.146667e-03	1.146667e-03	9.400000e-04	9.400000e-04	9.400000e-04	4.166667e-04	4.166667e-04	4.166667e-04	2.666667e-05	2.666667e-05	2.666667e-05	0.000000e+00	0.000000e+00	0.000000e+00	0.000000e+00	0.000000e+00	0.000000e+00	0.000000e+00	0.000000e+00	0.000000e+00	0.000000e+00	0.000000e+00	0.000000e+00	0.000000e+00	0.000000e+00	0.000000e+00	0.000000e+00	0.000000e+00	0.000000e+00	0.000000e+00	0.000000e+00	0.000000e+00	0.000000e+00	0.000000e+00	0.000000e+00	0.000000e+00	0.000000e+00	0.000000e+00	0.000000e+00	0.000000e+00	0.000000e+00	0.000000e+00	0.000000e+00	0.000000e+00	0.000000e+00	0.000000e+00	0.000000e+00	0.000000e+00	0.000000e+00	0.000000e+00	3.333333e-06	3.333333e-06	3.333333e-06	2.633333e-04	2.633333e-04	2.633333e-04	7.100000e-04	7.100000e-04	7.100000e-04	9.166667e-04	9.166667e-04	9.166667e-04	1.126667e-03	1.126667e-03	1.126667e-03	1.183333e-03	1.183333e-03	1.183333e-03	1.056667e-03	1.056667e-03	1.056667e-03	8.933333e-04	8.933333e-04	8.933333e-04	7.433333e-04	7.433333e-04	7.433333e-04	2.533333e-04	2.533333e-04	2.533333e-04	1.333333e-05	1.333333e-05	1.333333e-05	0.000000e+00	0.000000e+00	0.000000e+00	0.000000e+00	0.000000e+00	0.000000e+00	0.000000e+00	0.000000e+00	0.000000e+00	0.000000e+00	0.000000e+00	0.000000e+00	0.000000e+00	0.000000e+00	0.000000e+00	0.000000e+00	0.000000e+00	0.000000e+00	0.000000e+00	0.000000e+00	0.000000e+00	0.000000e+00	0.000000e+00	0.000000e+00	0.000000e+00	0.000000e+00	0.000000e+00	0.000000e+00	0.000000e+00	0.000000e+00	0.000000e+00	0.000000e+00	0.000000e+00	0.000000e+00	0.000000e+00	0.000000e+00	0.000000e+00	0.000000e+00	0.000000e+00	0.000000e+00	0.000000e+00	0.000000e+00	2.833333e-04	2.833333e-04	2.833333e-04	6.933333e-04	6.933333e-04	6.933333e-04	9.033333e-04	9.033333e-04	9.033333e-04	1.083333e-03	1.083333e-03	1.083333e-03	1.220000e-03	1.220000e-03	1.220000e-03	1.096667e-03	1.096667e-03	1.096667e-03	1.003333e-03	1.003333e-03	1.003333e-03	6.833333e-04	6.833333e-04	6.833333e-04	2.966667e-04	2.966667e-04	2.966667e-04	3.333333e-06	3.333333e-06	3.333333e-06	0.000000e+00	0.000000e+00	0.000000e+00	0.000000e+00	0.000000e+00	0.000000e+00	0.000000e+00	0.000000e+00	0.000000e+00	0.000000e+00	0.000000e+00	0.000000e+00	0.000000e+00	0.000000e+00	0.000000e+00	0.000000e+00	0.000000e+00	0.000000e+00	0.000000e+00	0.000000e+00	0.000000e+00	0.000000e+00	0.000000e+00	0.000000e+00	0.000000e+00	0.000000e+00	0.000000e+00	0.000000e+00	0.000000e+00	0.000000e+00	0.000000e+00	0.000000e+00	0.000000e+00	0.000000e+00	0.000000e+00	0.000000e+00	0.000000e+00	0.000000e+00	0.000000e+00	1.666667e-05	1.666667e-05	1.666667e-05	2.600000e-04	2.600000e-04	2.600000e-04	5.833333e-04	5.833333e-04	5.833333e-04	8.333333e-04	8.333333e-04	8.333333e-04	9.700000e-04	9.700000e-04	9.700000e-04	1.036667e-03	1.036667e-03	1.036667e-03	9.766667e-04	9.766667e-04	9.766667e-04	8.100000e-04	8.100000e-04	8.100000e-04	5.466667e-04	5.466667e-04	5.466667e-04	2.600000e-04	2.600000e-04	2.600000e-04	0.000000e+00	0.000000e+00	0.000000e+00	0.000000e+00	0.000000e+00	0.000000e+00	0.000000e+00	0.000000e+00	0.000000e+00	0.000000e+00	0.000000e+00	0.000000e+00	0.000000e+00	0.000000e+00	0.000000e+00	0.000000e+00	0.000000e+00	0.000000e+00	0.000000e+00	0.000000e+00	0.000000e+00	0.000000e+00	0.000000e+00	0.000000e+00	0.000000e+00	0.000000e+00	0.000000e+00	0.000000e+00	0.000000e+00	0.000000e+00	9.666667e-05	9.666667e-05	9.666667e-05	6.033333e-04	6.033333e-04	6.033333e-04	1.003333e-03	1.003333e-03	1.003333e-03	1.203333e-03	1.203333e-03	1.203333e-03	9.833333e-04	9.833333e-04	9.833333e-04	7.066667e-04	7.066667e-04	7.066667e-04	1.233333e-04	1.233333e-04	1.233333e-04	0.000000e+00	0.000000e+00	0.000000e+00	0.000000e+00	0.000000e+00	0.000000e+00	0.000000e+00	0.000000e+00	0.000000e+00	0.000000e+00	0.000000e+00	0.000000e+00	0.000000e+00	0.000000e+00	0.000000e+00	0.000000e+00	0.000000e+00	0.000000e+00	0.000000e+00	0.000000e+00	0.000000e+00	2.266667e-04	2.266667e-04	2.266667e-04	7.300000e-04	7.300000e-04	7.300000e-04	1.033333e-03	1.033333e-03	1.033333e-03	7.000000e-04	7.000000e-04	7.000000e-04	2.100000e-04	2.100000e-04	2.100000e-04	
