#?RADIANCE
oconv -f /tmp/tmp_2dexpbu/env /tmp/receiverj4rxle7x
rcontrib -fo+ -ab 0 -fda -c 300000 -f klems_full.cal -p RHS=+1 -bn Nkbins -b kbin(0,1,0,0,0,1) -m rfluxsrfglass_80 -y 1
SOFTWARE= RADIANCE 5.2.dd0f8e38a7 NREL 2018-10-09 (based on RADIANCE 5.2 Official Release by LBNL)
CAPDATE= 2020:09:12 16:40:08
GMT= 2020:09:12 23:40:08
NCOMP=3
NROWS=1
NCOLS=145
FORMAT=ascii

6.666667e-06	6.666667e-06	6.666667e-06	0.000000e+00	0.000000e+00	0.000000e+00	0.000000e+00	0.000000e+00	0.000000e+00	1.000000e-05	1.000000e-05	1.000000e-05	1.866667e-04	1.866667e-04	1.866667e-04	3.200000e-04	3.200000e-04	3.200000e-04	1.633333e-04	1.633333e-04	1.633333e-04	3.333333e-06	3.333333e-06	3.333333e-06	0.000000e+00	0.000000e+00	0.000000e+00	0.000000e+00	0.000000e+00	0.000000e+00	0.000000e+00	0.000000e+00	0.000000e+00	0.000000e+00	0.000000e+00	0.000000e+00	0.000000e+00	0.000000e+00	0.000000e+00	3.333333e-06	3.333333e-06	3.333333e-06	2.400000e-04	2.400000e-04	2.400000e-04	4.933333e-04	4.933333e-04	4.933333e-04	6.233333e-04	6.233333e-04	6.233333e-04	6.733333e-04	6.733333e-04	6.733333e-04	4.633333e-04	4.633333e-04	4.633333e-04	2.000000e-04	2.000000e-04	2.000000e-04	4.666667e-05	4.666667e-05	4.666667e-05	0.000000e+00	0.000000e+00	0.000000e+00	0.000000e+00	0.000000e+00	0.000000e+00	0.000000e+00	0.000000e+00	0.000000e+00	0.000000e+00	0.000000e+00	0.000000e+00	0.000000e+00	0.000000e+00	0.000000e+00	0.000000e+00	0.000000e+00	0.000000e+00	0.000000e+00	0.000000e+00	0.000000e+00	0.000000e+00	0.000000e+00	0.000000e+00	0.000000e+00	0.000000e+00	0.000000e+00	1.000000e-05	1.000000e-05	1.000000e-05	2.733333e-04	2.733333e-04	2.733333e-04	7.000000e-04	7.000000e-04	7.000000e-04	1.003333e-03	1.003333e-03	1.003333e-03	1.140000e-03	1.140000e-03	1.140000e-03	1.156667e-03	1.156667e-03	1.156667e-03	7.500000e-04	7.500000e-04	7.500000e-04	3.400000e-04	3.400000e-04	3.400000e-04	1.233333e-04	1.233333e-04	1.233333e-04	2.000000e-05	2.000000e-05	2.000000e-05	0.000000e+00	0.000000e+00	0.000000e+00	0.000000e+00	0.000000e+00	0.000000e+00	0.000000e+00	0.000000e+00	0.000000e+00	0.000000e+00	0.000000e+00	0.000000e+00	0.000000e+00	0.000000e+00	0.000000e+00	0.000000e+00	0.000000e+00	0.000000e+00	0.000000e+00	0.000000e+00	0.000000e+00	0.000000e+00	0.000000e+00	0.000000e+00	0.000000e+00	0.000000e+00	0.000000e+00	0.000000e+00	0.000000e+00	0.000000e+00	0.000000e+00	0.000000e+00	0.000000e+00	6.666667e-06	6.666667e-06	6.666667e-06	2.066667e-04	2.066667e-04	2.066667e-04	5.366667e-04	5.366667e-04	5.366667e-04	9.633333e-04	9.633333e-04	9.633333e-04	1.280000e-03	1.280000e-03	1.280000e-03	1.350000e-03	1.350000e-03	1.350000e-03	1.353333e-03	1.353333e-03	1.353333e-03	8.733333e-04	8.733333e-04	8.733333e-04	4.233333e-04	4.233333e-04	4.233333e-04	2.033333e-04	2.033333e-04	2.033333e-04	8.333333e-05	8.333333e-05	8.333333e-05	6.666667e-06	6.666667e-06	6.666667e-06	0.000000e+00	0.000000e+00	0.000000e+00	0.000000e+00	0.000000e+00	0.000000e+00	0.000000e+00	0.000000e+00	0.000000e+00	0.000000e+00	0.000000e+00	0.000000e+00	0.000000e+00	0.000000e+00	0.000000e+00	0.000000e+00	0.000000e+00	0.000000e+00	0.000000e+00	0.000000e+00	0.000000e+00	0.000000e+00	0.000000e+00	0.000000e+00	0.000000e+00	0.000000e+00	0.000000e+00	0.000000e+00	0.000000e+00	0.000000e+00	0.000000e+00	0.000000e+00	0.000000e+00	0.000000e+00	0.000000e+00	0.000000e+00	6.666667e-06	6.666667e-06	6.666667e-06	2.533333e-04	2.533333e-04	2.533333e-04	5.466667e-04	5.466667e-04	5.466667e-04	9.766667e-04	9.766667e-04	9.766667e-04	1.310000e-03	1.310000e-03	1.310000e-03	1.346667e-03	1.346667e-03	1.346667e-03	1.333333e-03	1.333333e-03	1.333333e-03	9.066667e-04	9.066667e-04	9.066667e-04	3.566667e-04	3.566667e-04	3.566667e-04	1.900000e-04	1.900000e-04	1.900000e-04	7.000000e-05	7.000000e-05	7.000000e-05	2.000000e-05	2.000000e-05	2.000000e-05	0.000000e+00	0.000000e+00	0.000000e+00	0.000000e+00	0.000000e+00	0.000000e+00	0.000000e+00	0.000000e+00	0.000000e+00	0.000000e+00	0.000000e+00	0.000000e+00	0.000000e+00	0.000000e+00	0.000000e+00	0.000000e+00	0.000000e+00	0.000000e+00	0.000000e+00	0.000000e+00	0.000000e+00	0.000000e+00	0.000000e+00	0.000000e+00	0.000000e+00	0.000000e+00	0.000000e+00	0.000000e+00	0.000000e+00	0.000000e+00	0.000000e+00	0.000000e+00	0.000000e+00	0.000000e+00	0.000000e+00	0.000000e+00	3.333333e-06	3.333333e-06	3.333333e-06	1.766667e-04	1.766667e-04	1.766667e-04	4.533333e-04	4.533333e-04	4.533333e-04	8.433333e-04	8.433333e-04	8.433333e-04	1.146667e-03	1.146667e-03	1.146667e-03	1.213333e-03	1.213333e-03	1.213333e-03	1.153333e-03	1.153333e-03	1.153333e-03	8.033333e-04	8.033333e-04	8.033333e-04	3.533333e-04	3.533333e-04	3.533333e-04	1.633333e-04	1.633333e-04	1.633333e-04	9.333333e-05	9.333333e-05	9.333333e-05	1.333333e-05	1.333333e-05	1.333333e-05	0.000000e+00	0.000000e+00	0.000000e+00	0.000000e+00	0.000000e+00	0.000000e+00	0.000000e+00	0.000000e+00	0.000000e+00	0.000000e+00	0.000000e+00	0.000000e+00	0.000000e+00	0.000000e+00	0.000000e+00	0.000000e+00	0.000000e+00	0.000000e+00	0.000000e+00	0.000000e+00	0.000000e+00	0.000000e+00	0.000000e+00	0.000000e+00	0.000000e+00	0.000000e+00	0.000000e+00	0.000000e+00	0.000000e+00	0.000000e+00	2.000000e-05	2.000000e-05	2.000000e-05	3.733333e-04	3.733333e-04	3.733333e-04	9.733333e-04	9.733333e-04	9.733333e-04	1.263333e-03	1.263333e-03	1.263333e-03	1.363333e-03	1.363333e-03	1.363333e-03	6.166667e-04	6.166667e-04	6.166667e-04	2.166667e-04	2.166667e-04	2.166667e-04	5.000000e-05	5.000000e-05	5.000000e-05	0.000000e+00	0.000000e+00	0.000000e+00	0.000000e+00	0.000000e+00	0.000000e+00	0.000000e+00	0.000000e+00	0.000000e+00	0.000000e+00	0.000000e+00	0.000000e+00	0.000000e+00	0.000000e+00	0.000000e+00	0.000000e+00	0.000000e+00	0.000000e+00	0.000000e+00	0.000000e+00	0.000000e+00	2.333333e-05	2.333333e-05	2.333333e-05	4.033333e-04	4.033333e-04	4.033333e-04	9.533333e-04	9.533333e-04	9.533333e-04	1.003333e-03	1.003333e-03	1.003333e-03	3.533333e-04	3.533333e-04	3.533333e-04	7.333333e-05	7.333333e-05	7.333333e-05	0.000000e+00	0.000000e+00	0.000000e+00	0.000000e+00	0.000000e+00	0.000000e+00	0.000000e+00	0.000000e+00	0.000000e+00	
