#?RADIANCE
oconv -f /tmp/tmpq3hwtz43/env /tmp/receiverp1k9tg__
rcontrib -fo+ -ab 0 -fda -c 300000 -f klems_full.cal -p RHS=+1 -bn Nkbins -b kbin(0,1,0,0,0,1) -m rfluxsrfglass_80 -y 1
SOFTWARE= RADIANCE 5.2.dd0f8e38a7 NREL 2018-10-09 (based on RADIANCE 5.2 Official Release by LBNL)
CAPDATE= 2020:09:12 16:49:14
GMT= 2020:09:12 23:49:14
NCOMP=3
NROWS=1
NCOLS=145
FORMAT=ascii

6.666667e-06	6.666667e-06	6.666667e-06	0.000000e+00	0.000000e+00	0.000000e+00	0.000000e+00	0.000000e+00	0.000000e+00	0.000000e+00	0.000000e+00	0.000000e+00	1.300000e-04	1.300000e-04	1.300000e-04	3.133333e-04	3.133333e-04	3.133333e-04	2.166667e-04	2.166667e-04	2.166667e-04	6.666667e-06	6.666667e-06	6.666667e-06	0.000000e+00	0.000000e+00	0.000000e+00	0.000000e+00	0.000000e+00	0.000000e+00	0.000000e+00	0.000000e+00	0.000000e+00	0.000000e+00	0.000000e+00	0.000000e+00	0.000000e+00	0.000000e+00	0.000000e+00	0.000000e+00	0.000000e+00	0.000000e+00	3.000000e-05	3.000000e-05	3.000000e-05	1.400000e-04	1.400000e-04	1.400000e-04	3.733333e-04	3.733333e-04	3.733333e-04	7.366667e-04	7.366667e-04	7.366667e-04	6.366667e-04	6.366667e-04	6.366667e-04	4.933333e-04	4.933333e-04	4.933333e-04	2.000000e-04	2.000000e-04	2.000000e-04	1.666667e-05	1.666667e-05	1.666667e-05	0.000000e+00	0.000000e+00	0.000000e+00	0.000000e+00	0.000000e+00	0.000000e+00	0.000000e+00	0.000000e+00	0.000000e+00	0.000000e+00	0.000000e+00	0.000000e+00	0.000000e+00	0.000000e+00	0.000000e+00	0.000000e+00	0.000000e+00	0.000000e+00	0.000000e+00	0.000000e+00	0.000000e+00	0.000000e+00	0.000000e+00	0.000000e+00	0.000000e+00	0.000000e+00	0.000000e+00	2.333333e-05	2.333333e-05	2.333333e-05	8.000000e-05	8.000000e-05	8.000000e-05	2.333333e-04	2.333333e-04	2.333333e-04	6.166667e-04	6.166667e-04	6.166667e-04	1.066667e-03	1.066667e-03	1.066667e-03	1.213333e-03	1.213333e-03	1.213333e-03	9.900000e-04	9.900000e-04	9.900000e-04	7.100000e-04	7.100000e-04	7.100000e-04	3.100000e-04	3.100000e-04	3.100000e-04	1.000000e-05	1.000000e-05	1.000000e-05	0.000000e+00	0.000000e+00	0.000000e+00	0.000000e+00	0.000000e+00	0.000000e+00	0.000000e+00	0.000000e+00	0.000000e+00	0.000000e+00	0.000000e+00	0.000000e+00	0.000000e+00	0.000000e+00	0.000000e+00	0.000000e+00	0.000000e+00	0.000000e+00	0.000000e+00	0.000000e+00	0.000000e+00	0.000000e+00	0.000000e+00	0.000000e+00	0.000000e+00	0.000000e+00	0.000000e+00	0.000000e+00	0.000000e+00	0.000000e+00	0.000000e+00	0.000000e+00	0.000000e+00	3.333333e-06	3.333333e-06	3.333333e-06	5.333333e-05	5.333333e-05	5.333333e-05	1.300000e-04	1.300000e-04	1.300000e-04	2.733333e-04	2.733333e-04	2.733333e-04	7.466667e-04	7.466667e-04	7.466667e-04	1.270000e-03	1.270000e-03	1.270000e-03	1.366667e-03	1.366667e-03	1.366667e-03	1.340000e-03	1.340000e-03	1.340000e-03	1.040000e-03	1.040000e-03	1.040000e-03	5.666667e-04	5.666667e-04	5.666667e-04	2.200000e-04	2.200000e-04	2.200000e-04	1.000000e-05	1.000000e-05	1.000000e-05	0.000000e+00	0.000000e+00	0.000000e+00	0.000000e+00	0.000000e+00	0.000000e+00	0.000000e+00	0.000000e+00	0.000000e+00	0.000000e+00	0.000000e+00	0.000000e+00	0.000000e+00	0.000000e+00	0.000000e+00	0.000000e+00	0.000000e+00	0.000000e+00	0.000000e+00	0.000000e+00	0.000000e+00	0.000000e+00	0.000000e+00	0.000000e+00	0.000000e+00	0.000000e+00	0.000000e+00	0.000000e+00	0.000000e+00	0.000000e+00	0.000000e+00	0.000000e+00	0.000000e+00	0.000000e+00	0.000000e+00	0.000000e+00	1.333333e-05	1.333333e-05	1.333333e-05	6.000000e-05	6.000000e-05	6.000000e-05	1.666667e-04	1.666667e-04	1.666667e-04	3.066667e-04	3.066667e-04	3.066667e-04	7.866667e-04	7.866667e-04	7.866667e-04	1.270000e-03	1.270000e-03	1.270000e-03	1.330000e-03	1.330000e-03	1.330000e-03	1.286667e-03	1.286667e-03	1.286667e-03	1.096667e-03	1.096667e-03	1.096667e-03	5.466667e-04	5.466667e-04	5.466667e-04	2.266667e-04	2.266667e-04	2.266667e-04	3.333333e-06	3.333333e-06	3.333333e-06	0.000000e+00	0.000000e+00	0.000000e+00	0.000000e+00	0.000000e+00	0.000000e+00	0.000000e+00	0.000000e+00	0.000000e+00	0.000000e+00	0.000000e+00	0.000000e+00	0.000000e+00	0.000000e+00	0.000000e+00	0.000000e+00	0.000000e+00	0.000000e+00	0.000000e+00	0.000000e+00	0.000000e+00	0.000000e+00	0.000000e+00	0.000000e+00	0.000000e+00	0.000000e+00	0.000000e+00	0.000000e+00	0.000000e+00	0.000000e+00	0.000000e+00	0.000000e+00	0.000000e+00	0.000000e+00	0.000000e+00	0.000000e+00	3.333333e-06	3.333333e-06	3.333333e-06	7.333333e-05	7.333333e-05	7.333333e-05	9.000000e-05	9.000000e-05	9.000000e-05	2.400000e-04	2.400000e-04	2.400000e-04	6.533333e-04	6.533333e-04	6.533333e-04	1.120000e-03	1.120000e-03	1.120000e-03	1.130000e-03	1.130000e-03	1.130000e-03	1.160000e-03	1.160000e-03	1.160000e-03	9.566667e-04	9.566667e-04	9.566667e-04	4.933333e-04	4.933333e-04	4.933333e-04	1.633333e-04	1.633333e-04	1.633333e-04	1.000000e-05	1.000000e-05	1.000000e-05	0.000000e+00	0.000000e+00	0.000000e+00	0.000000e+00	0.000000e+00	0.000000e+00	0.000000e+00	0.000000e+00	0.000000e+00	0.000000e+00	0.000000e+00	0.000000e+00	0.000000e+00	0.000000e+00	0.000000e+00	0.000000e+00	0.000000e+00	0.000000e+00	0.000000e+00	0.000000e+00	0.000000e+00	0.000000e+00	0.000000e+00	0.000000e+00	0.000000e+00	0.000000e+00	0.000000e+00	0.000000e+00	0.000000e+00	0.000000e+00	1.666667e-05	1.666667e-05	1.666667e-05	1.233333e-04	1.233333e-04	1.233333e-04	4.666667e-04	4.666667e-04	4.666667e-04	1.246667e-03	1.246667e-03	1.246667e-03	1.376667e-03	1.376667e-03	1.376667e-03	9.966667e-04	9.966667e-04	9.966667e-04	4.033333e-04	4.033333e-04	4.033333e-04	1.000000e-05	1.000000e-05	1.000000e-05	0.000000e+00	0.000000e+00	0.000000e+00	0.000000e+00	0.000000e+00	0.000000e+00	0.000000e+00	0.000000e+00	0.000000e+00	0.000000e+00	0.000000e+00	0.000000e+00	0.000000e+00	0.000000e+00	0.000000e+00	0.000000e+00	0.000000e+00	0.000000e+00	0.000000e+00	0.000000e+00	0.000000e+00	5.333333e-05	5.333333e-05	5.333333e-05	2.300000e-04	2.300000e-04	2.300000e-04	9.333333e-04	9.333333e-04	9.333333e-04	1.006667e-03	1.006667e-03	1.006667e-03	4.300000e-04	4.300000e-04	4.300000e-04	3.000000e-05	3.000000e-05	3.000000e-05	0.000000e+00	0.000000e+00	0.000000e+00	0.000000e+00	0.000000e+00	0.000000e+00	
