#?RADIANCE
oconv -f /tmp/tmpcnx58anf/env /tmp/tmpcnx58anf/receiver
rcontrib -fo+ -ab 0 -fda -c 300000 -f klems_full.cal -p RHS=+1 -bn Nkbins -b kbin(0,1,0,0,0,-1) -m rflxglass_60 -y 1
SOFTWARE= RADIANCE 5.2.dd0f8e38a7 NREL 2018-10-09 (based on RADIANCE 5.2 Official Release by LBNL)
CAPDATE= 2021:06:08 17:25:51
GMT= 2021:06:08 17:25:51
NCOMP=3
NROWS=1
NCOLS=145
FORMAT=ascii

3.666667e-05	3.666667e-05	3.666667e-05	4.333333e-05	4.333333e-05	4.333333e-05	6.000000e-04	6.000000e-04	6.000000e-04	1.023333e-03	1.023333e-03	1.023333e-03	6.566667e-04	6.566667e-04	6.566667e-04	3.333333e-05	3.333333e-05	3.333333e-05	0.000000e+00	0.000000e+00	0.000000e+00	0.000000e+00	0.000000e+00	0.000000e+00	0.000000e+00	0.000000e+00	0.000000e+00	3.333333e-05	3.333333e-05	3.333333e-05	5.266667e-04	5.266667e-04	5.266667e-04	1.133333e-03	1.133333e-03	1.133333e-03	1.753333e-03	1.753333e-03	1.753333e-03	2.093333e-03	2.093333e-03	2.093333e-03	1.773333e-03	1.773333e-03	1.773333e-03	1.153333e-03	1.153333e-03	1.153333e-03	4.566667e-04	4.566667e-04	4.566667e-04	2.666667e-05	2.666667e-05	2.666667e-05	0.000000e+00	0.000000e+00	0.000000e+00	0.000000e+00	0.000000e+00	0.000000e+00	0.000000e+00	0.000000e+00	0.000000e+00	0.000000e+00	0.000000e+00	0.000000e+00	0.000000e+00	0.000000e+00	0.000000e+00	0.000000e+00	0.000000e+00	0.000000e+00	0.000000e+00	0.000000e+00	0.000000e+00	2.000000e-05	2.000000e-05	2.000000e-05	5.433333e-04	5.433333e-04	5.433333e-04	1.336667e-03	1.336667e-03	1.336667e-03	2.193333e-03	2.193333e-03	2.193333e-03	3.026667e-03	3.026667e-03	3.026667e-03	3.363333e-03	3.363333e-03	3.363333e-03	3.006667e-03	3.006667e-03	3.006667e-03	2.240000e-03	2.240000e-03	2.240000e-03	1.320000e-03	1.320000e-03	1.320000e-03	5.400000e-04	5.400000e-04	5.400000e-04	2.333333e-05	2.333333e-05	2.333333e-05	0.000000e+00	0.000000e+00	0.000000e+00	0.000000e+00	0.000000e+00	0.000000e+00	0.000000e+00	0.000000e+00	0.000000e+00	0.000000e+00	0.000000e+00	0.000000e+00	0.000000e+00	0.000000e+00	0.000000e+00	0.000000e+00	0.000000e+00	0.000000e+00	0.000000e+00	0.000000e+00	0.000000e+00	0.000000e+00	0.000000e+00	0.000000e+00	0.000000e+00	0.000000e+00	0.000000e+00	1.000000e-05	1.000000e-05	1.000000e-05	3.966667e-04	3.966667e-04	3.966667e-04	1.033333e-03	1.033333e-03	1.033333e-03	1.903333e-03	1.903333e-03	1.903333e-03	2.696667e-03	2.696667e-03	2.696667e-03	3.276667e-03	3.276667e-03	3.276667e-03	3.680000e-03	3.680000e-03	3.680000e-03	3.306667e-03	3.306667e-03	3.306667e-03	2.680000e-03	2.680000e-03	2.680000e-03	1.880000e-03	1.880000e-03	1.880000e-03	1.100000e-03	1.100000e-03	1.100000e-03	4.233333e-04	4.233333e-04	4.233333e-04	3.000000e-05	3.000000e-05	3.000000e-05	0.000000e+00	0.000000e+00	0.000000e+00	0.000000e+00	0.000000e+00	0.000000e+00	0.000000e+00	0.000000e+00	0.000000e+00	0.000000e+00	0.000000e+00	0.000000e+00	0.000000e+00	0.000000e+00	0.000000e+00	0.000000e+00	0.000000e+00	0.000000e+00	0.000000e+00	0.000000e+00	0.000000e+00	0.000000e+00	0.000000e+00	0.000000e+00	0.000000e+00	0.000000e+00	0.000000e+00	0.000000e+00	0.000000e+00	0.000000e+00	0.000000e+00	0.000000e+00	0.000000e+00	2.666667e-05	2.666667e-05	2.666667e-05	4.166667e-04	4.166667e-04	4.166667e-04	1.036667e-03	1.036667e-03	1.036667e-03	2.000000e-03	2.000000e-03	2.000000e-03	2.750000e-03	2.750000e-03	2.750000e-03	3.356667e-03	3.356667e-03	3.356667e-03	3.610000e-03	3.610000e-03	3.610000e-03	3.240000e-03	3.240000e-03	3.240000e-03	2.613333e-03	2.613333e-03	2.613333e-03	1.983333e-03	1.983333e-03	1.983333e-03	1.013333e-03	1.013333e-03	1.013333e-03	4.100000e-04	4.100000e-04	4.100000e-04	1.333333e-05	1.333333e-05	1.333333e-05	0.000000e+00	0.000000e+00	0.000000e+00	0.000000e+00	0.000000e+00	0.000000e+00	0.000000e+00	0.000000e+00	0.000000e+00	0.000000e+00	0.000000e+00	0.000000e+00	0.000000e+00	0.000000e+00	0.000000e+00	0.000000e+00	0.000000e+00	0.000000e+00	0.000000e+00	0.000000e+00	0.000000e+00	0.000000e+00	0.000000e+00	0.000000e+00	0.000000e+00	0.000000e+00	0.000000e+00	0.000000e+00	0.000000e+00	0.000000e+00	0.000000e+00	0.000000e+00	0.000000e+00	1.666667e-05	1.666667e-05	1.666667e-05	3.333333e-04	3.333333e-04	3.333333e-04	8.900000e-04	8.900000e-04	8.900000e-04	1.626667e-03	1.626667e-03	1.626667e-03	2.403333e-03	2.403333e-03	2.403333e-03	2.910000e-03	2.910000e-03	2.910000e-03	3.100000e-03	3.100000e-03	3.100000e-03	2.943333e-03	2.943333e-03	2.943333e-03	2.330000e-03	2.330000e-03	2.330000e-03	1.626667e-03	1.626667e-03	1.626667e-03	9.466667e-04	9.466667e-04	9.466667e-04	3.133333e-04	3.133333e-04	3.133333e-04	1.666667e-05	1.666667e-05	1.666667e-05	0.000000e+00	0.000000e+00	0.000000e+00	0.000000e+00	0.000000e+00	0.000000e+00	0.000000e+00	0.000000e+00	0.000000e+00	0.000000e+00	0.000000e+00	0.000000e+00	0.000000e+00	0.000000e+00	0.000000e+00	0.000000e+00	0.000000e+00	0.000000e+00	0.000000e+00	0.000000e+00	0.000000e+00	0.000000e+00	0.000000e+00	0.000000e+00	0.000000e+00	0.000000e+00	0.000000e+00	0.000000e+00	0.000000e+00	0.000000e+00	0.000000e+00	0.000000e+00	0.000000e+00	4.666667e-05	4.666667e-05	4.666667e-05	7.166667e-04	7.166667e-04	7.166667e-04	1.813333e-03	1.813333e-03	1.813333e-03	2.913333e-03	2.913333e-03	2.913333e-03	3.610000e-03	3.610000e-03	3.610000e-03	2.986667e-03	2.986667e-03	2.986667e-03	1.876667e-03	1.876667e-03	1.876667e-03	7.166667e-04	7.166667e-04	7.166667e-04	2.333333e-05	2.333333e-05	2.333333e-05	0.000000e+00	0.000000e+00	0.000000e+00	0.000000e+00	0.000000e+00	0.000000e+00	0.000000e+00	0.000000e+00	0.000000e+00	0.000000e+00	0.000000e+00	0.000000e+00	0.000000e+00	0.000000e+00	0.000000e+00	0.000000e+00	0.000000e+00	0.000000e+00	0.000000e+00	0.000000e+00	0.000000e+00	5.333333e-05	5.333333e-05	5.333333e-05	8.366667e-04	8.366667e-04	8.366667e-04	2.016667e-03	2.016667e-03	2.016667e-03	2.700000e-03	2.700000e-03	2.700000e-03	2.010000e-03	2.010000e-03	2.010000e-03	8.500000e-04	8.500000e-04	8.500000e-04	6.000000e-05	6.000000e-05	6.000000e-05	0.000000e+00	0.000000e+00	0.000000e+00	0.000000e+00	0.000000e+00	0.000000e+00	0.000000e+00	0.000000e+00	0.000000e+00	0.000000e+00	0.000000e+00	0.000000e+00	0.000000e+00	0.000000e+00	0.000000e+00	
