#?RADIANCE
oconv -f /tmp/tmpi7vezlds/env /tmp/tmpi7vezlds/receiver
rcontrib -fo+ -ab 0 -fda -c 300000 -f klems_full.cal -p RHS=+1 -bn Nkbins -b kbin(0,1,0,0,0,-1) -m rflxglass_60 -y 1
SOFTWARE= RADIANCE 5.2.dd0f8e38a7 NREL 2018-10-09 (based on RADIANCE 5.2 Official Release by LBNL)
CAPDATE= 2021:06:08 17:25:51
GMT= 2021:06:08 17:25:51
NCOMP=3
NROWS=1
NCOLS=145
FORMAT=ascii

8.666667e-05	8.666667e-05	8.666667e-05	8.333333e-05	8.333333e-05	8.333333e-05	0.000000e+00	0.000000e+00	0.000000e+00	0.000000e+00	0.000000e+00	0.000000e+00	0.000000e+00	0.000000e+00	0.000000e+00	8.000000e-05	8.000000e-05	8.000000e-05	7.500000e-04	7.500000e-04	7.500000e-04	1.133333e-03	1.133333e-03	1.133333e-03	8.033333e-04	8.033333e-04	8.033333e-04	9.000000e-05	9.000000e-05	9.000000e-05	0.000000e+00	0.000000e+00	0.000000e+00	0.000000e+00	0.000000e+00	0.000000e+00	0.000000e+00	0.000000e+00	0.000000e+00	0.000000e+00	0.000000e+00	0.000000e+00	0.000000e+00	0.000000e+00	0.000000e+00	0.000000e+00	0.000000e+00	0.000000e+00	0.000000e+00	0.000000e+00	0.000000e+00	7.333333e-05	7.333333e-05	7.333333e-05	6.533333e-04	6.533333e-04	6.533333e-04	1.320000e-03	1.320000e-03	1.320000e-03	1.910000e-03	1.910000e-03	1.910000e-03	2.186667e-03	2.186667e-03	2.186667e-03	1.873333e-03	1.873333e-03	1.873333e-03	1.250000e-03	1.250000e-03	1.250000e-03	5.233333e-04	5.233333e-04	5.233333e-04	6.000000e-05	6.000000e-05	6.000000e-05	0.000000e+00	0.000000e+00	0.000000e+00	0.000000e+00	0.000000e+00	0.000000e+00	0.000000e+00	0.000000e+00	0.000000e+00	0.000000e+00	0.000000e+00	0.000000e+00	0.000000e+00	0.000000e+00	0.000000e+00	0.000000e+00	0.000000e+00	0.000000e+00	0.000000e+00	0.000000e+00	0.000000e+00	0.000000e+00	0.000000e+00	0.000000e+00	0.000000e+00	0.000000e+00	0.000000e+00	4.333333e-05	4.333333e-05	4.333333e-05	6.500000e-04	6.500000e-04	6.500000e-04	1.463333e-03	1.463333e-03	1.463333e-03	2.296667e-03	2.296667e-03	2.296667e-03	3.153333e-03	3.153333e-03	3.153333e-03	3.506667e-03	3.506667e-03	3.506667e-03	3.136667e-03	3.136667e-03	3.136667e-03	2.460000e-03	2.460000e-03	2.460000e-03	1.450000e-03	1.450000e-03	1.450000e-03	6.833333e-04	6.833333e-04	6.833333e-04	5.000000e-05	5.000000e-05	5.000000e-05	0.000000e+00	0.000000e+00	0.000000e+00	0.000000e+00	0.000000e+00	0.000000e+00	0.000000e+00	0.000000e+00	0.000000e+00	0.000000e+00	0.000000e+00	0.000000e+00	0.000000e+00	0.000000e+00	0.000000e+00	0.000000e+00	0.000000e+00	0.000000e+00	0.000000e+00	0.000000e+00	0.000000e+00	0.000000e+00	0.000000e+00	0.000000e+00	0.000000e+00	0.000000e+00	0.000000e+00	0.000000e+00	0.000000e+00	0.000000e+00	0.000000e+00	0.000000e+00	0.000000e+00	6.000000e-05	6.000000e-05	6.000000e-05	4.733333e-04	4.733333e-04	4.733333e-04	1.156667e-03	1.156667e-03	1.156667e-03	2.110000e-03	2.110000e-03	2.110000e-03	2.766667e-03	2.766667e-03	2.766667e-03	3.136667e-03	3.136667e-03	3.136667e-03	3.626667e-03	3.626667e-03	3.626667e-03	3.270000e-03	3.270000e-03	3.270000e-03	2.743333e-03	2.743333e-03	2.743333e-03	2.056667e-03	2.056667e-03	2.056667e-03	1.190000e-03	1.190000e-03	1.190000e-03	5.033333e-04	5.033333e-04	5.033333e-04	7.000000e-05	7.000000e-05	7.000000e-05	0.000000e+00	0.000000e+00	0.000000e+00	0.000000e+00	0.000000e+00	0.000000e+00	0.000000e+00	0.000000e+00	0.000000e+00	0.000000e+00	0.000000e+00	0.000000e+00	0.000000e+00	0.000000e+00	0.000000e+00	0.000000e+00	0.000000e+00	0.000000e+00	0.000000e+00	0.000000e+00	0.000000e+00	0.000000e+00	0.000000e+00	0.000000e+00	0.000000e+00	0.000000e+00	0.000000e+00	0.000000e+00	0.000000e+00	0.000000e+00	0.000000e+00	0.000000e+00	0.000000e+00	4.000000e-05	4.000000e-05	4.000000e-05	6.033333e-04	6.033333e-04	6.033333e-04	1.186667e-03	1.186667e-03	1.186667e-03	2.040000e-03	2.040000e-03	2.040000e-03	2.743333e-03	2.743333e-03	2.743333e-03	3.330000e-03	3.330000e-03	3.330000e-03	3.586667e-03	3.586667e-03	3.586667e-03	3.370000e-03	3.370000e-03	3.370000e-03	2.760000e-03	2.760000e-03	2.760000e-03	2.083333e-03	2.083333e-03	2.083333e-03	1.220000e-03	1.220000e-03	1.220000e-03	4.866667e-04	4.866667e-04	4.866667e-04	5.000000e-05	5.000000e-05	5.000000e-05	0.000000e+00	0.000000e+00	0.000000e+00	0.000000e+00	0.000000e+00	0.000000e+00	0.000000e+00	0.000000e+00	0.000000e+00	0.000000e+00	0.000000e+00	0.000000e+00	0.000000e+00	0.000000e+00	0.000000e+00	0.000000e+00	0.000000e+00	0.000000e+00	0.000000e+00	0.000000e+00	0.000000e+00	0.000000e+00	0.000000e+00	0.000000e+00	0.000000e+00	0.000000e+00	0.000000e+00	0.000000e+00	0.000000e+00	0.000000e+00	0.000000e+00	0.000000e+00	0.000000e+00	3.666667e-05	3.666667e-05	3.666667e-05	4.466667e-04	4.466667e-04	4.466667e-04	1.046667e-03	1.046667e-03	1.046667e-03	1.763333e-03	1.763333e-03	1.763333e-03	2.426667e-03	2.426667e-03	2.426667e-03	2.906667e-03	2.906667e-03	2.906667e-03	3.113333e-03	3.113333e-03	3.113333e-03	2.933333e-03	2.933333e-03	2.933333e-03	2.366667e-03	2.366667e-03	2.366667e-03	1.726667e-03	1.726667e-03	1.726667e-03	1.060000e-03	1.060000e-03	1.060000e-03	4.500000e-04	4.500000e-04	4.500000e-04	1.000000e-04	1.000000e-04	1.000000e-04	0.000000e+00	0.000000e+00	0.000000e+00	0.000000e+00	0.000000e+00	0.000000e+00	0.000000e+00	0.000000e+00	0.000000e+00	0.000000e+00	0.000000e+00	0.000000e+00	0.000000e+00	0.000000e+00	0.000000e+00	0.000000e+00	0.000000e+00	0.000000e+00	0.000000e+00	0.000000e+00	0.000000e+00	5.333333e-05	5.333333e-05	5.333333e-05	8.366667e-04	8.366667e-04	8.366667e-04	1.980000e-03	1.980000e-03	1.980000e-03	2.793333e-03	2.793333e-03	2.793333e-03	3.493333e-03	3.493333e-03	3.493333e-03	2.983333e-03	2.983333e-03	2.983333e-03	1.953333e-03	1.953333e-03	1.953333e-03	9.000000e-04	9.000000e-04	9.000000e-04	8.333333e-05	8.333333e-05	8.333333e-05	0.000000e+00	0.000000e+00	0.000000e+00	0.000000e+00	0.000000e+00	0.000000e+00	0.000000e+00	0.000000e+00	0.000000e+00	0.000000e+00	0.000000e+00	0.000000e+00	0.000000e+00	0.000000e+00	0.000000e+00	1.000000e-04	1.000000e-04	1.000000e-04	9.500000e-04	9.500000e-04	9.500000e-04	2.093333e-03	2.093333e-03	2.093333e-03	2.860000e-03	2.860000e-03	2.860000e-03	2.066667e-03	2.066667e-03	2.066667e-03	8.700000e-04	8.700000e-04	8.700000e-04	
